Module03/QGIS2Cookbook_CodeBundle/chapter5/data/idw100m.asc
NCOLS 643
NROWS 595
XLLCORNER 611989
YLLCORNER 198211
CELLSIZE 100
NODATA_VALUE -9999
[rows 364 to 389 of 595, columns 180 to 239 of 643]
117.4703 117.01153 116.52122 116.02802 115.58083 115.25242 115.11097 115.17204 115.40588 115.79137 116.33599 117.06824 118.04107 119.34929 121.14697 123.62635 126.80046 129.7949 130.56891 128.70789 126.42042 125.16042 125.09905 126.10738 128.07315 130.61699 132.44752 132.17415 130.89636 130.65524 132.23006 135.55681 139.67975 142.57761 144.07114 141.31234 135.90104 130.92448 127.16005 124.56693 122.93778 122.05364 121.65547 121.40529 121.01083 120.44703 119.89921 119.49346 119.18667 118.83598 118.31576 117.59614 116.74033 115.84783 115.00468 114.26654 113.66355 113.21106 112.91895 112.79822
116.94432 116.42156 115.86852 115.29358 114.74038 114.32971 114.2217 114.44019 114.85297 115.35966 115.95245 116.66975 117.5673 118.71455 120.18955 122.03476 124.10936 125.85026 126.43868 125.81054 124.8941 124.52201 125.02999 126.57771 129.37366 133.3613 136.56743 135.48549 132.28488 130.69098 131.15665 133.15619 135.87904 138.25027 139.14247 137.21007 133.3584 129.4485 126.27778 123.9595 122.38679 121.39868 120.81255 120.44198 120.1586 119.95404 119.89821 120.00842 120.15355 120.08636 119.60884 118.72394 117.60544 116.45341 115.4025 114.51583 113.81202 113.28963 112.94153 112.7623
116.57633 115.94623 115.29273 114.59027 113.84634 113.23172 113.10777 113.5382 114.1771 114.8164 115.45671 116.15659 116.97344 117.95413 119.12591 120.46445 121.83212 122.94257 123.51 123.56831 123.51527 123.79375 124.70986 126.51609 129.52465 133.82087 137.40608 136.11081 132.39489 130.2955 129.98095 130.84784 132.2916 133.56688 133.83681 132.56238 130.12786 127.40996 124.99479 123.0899 121.70215 120.75928 120.16439 119.83014 119.71563 119.84672 120.27852 120.98396 121.71626 122.0117 121.50517 120.27121 118.70368 117.1633 115.83368 114.76579 113.94978 113.35713 112.95828 112.72878
116.37085 115.5937 114.83293 114.03354 113.14987 112.35317 112.20462 112.81142 113.59563 114.29135 114.93128 115.59026 116.32235 117.15797 118.10109 119.11611 120.11294 120.96104 121.56782 121.98069 122.39306 123.0444 124.14337 125.86673 128.3424 131.36514 133.54879 132.98291 130.96923 129.53363 128.93375 128.99433 129.44332 129.84518 129.71807 128.79393 127.20964 125.3571 123.58777 122.09379 120.93931 120.11972 119.60649 119.38104 119.46335 119.9247 120.8544 122.23212 123.69189 124.43648 123.81131 122.03123 119.85377 117.84464 116.21175 114.96493 114.0499 113.40463 112.9748 112.71579
116.32829 115.35312 114.49716 113.70071 112.90875 112.24187 112.12117 112.61011 113.25607 113.85114 114.41627 115.0044 115.65103 116.3714 117.16025 117.98885 118.80625 119.55601 120.21266 120.81614 121.47033 122.30531 123.43807 124.94326 126.79265 128.70275 130.03135 130.32835 129.93624 129.18756 128.34429 127.74446 127.44515 127.22856 126.80901 126.01494 124.87202 123.54919 122.23901 121.08084 120.14943 119.47583 119.07515 118.97361 119.23291 119.96329 121.29562 123.23836 125.34273 126.49067 125.71834 123.40246 120.67819 118.28342 116.42142 115.05344 114.08454 113.4251 113.00047 112.74731
116.4076 115.1651 114.21529 113.48308 112.91224 112.53157 112.4543 112.67446 113.03574 113.44538 113.89506 114.399 114.96792 115.60324 116.2955 117.02423 117.76191 118.48499 119.1902 119.90644 120.69161 121.61507 122.73601 124.08204 125.6217 127.24488 128.83363 130.32754 131.09692 130.21736 128.51592 127.08792 126.12961 125.43813 124.77501 123.99111 123.057 122.03493 121.02327 120.11187 119.36498 118.82557 118.53018 118.52769 118.89798 119.76159 121.25089 123.36528 125.62738 126.86128 126.05403 123.61558 120.76145 118.27479 116.36503 114.98635 114.03641 113.41939 113.05257 112.85813
116.44512 114.90114 113.85404 113.16563 112.73759 112.51058 112.44825 112.5195 112.69724 112.96574 113.31842 113.75185 114.26192 114.84167 115.48017 116.16296 116.87507 117.60702 118.36179 119.15847 120.02905 121.00933 122.1295 123.41106 124.88173 126.63662 128.96017 132.08443 134.13514 132.28513 129.08633 126.72639 125.20562 124.15343 123.29492 122.47373 121.63033 120.77358 119.94807 119.20724 118.59929 118.1657 117.94805 117.99905 118.39321 119.22754 120.58609 122.41263 124.26267 125.21224 124.51692 122.4672 119.99183 117.76491 116.0196 114.7565 113.9078 113.39905 113.15658 113.09475
116.11006 114.38073 113.2774 112.60595 112.2293 112.04764 111.98935 112.01883 112.13329 112.34041 112.64271 113.03632 113.51396 114.06667 114.68452 115.35748 116.07742 116.84101 117.65236 118.52345 119.4711 120.5118 121.65839 122.92636 124.36446 126.13512 128.63369 132.1517 134.495 132.39623 128.80387 126.13323 124.36135 123.11323 122.13192 121.27257 120.46784 119.70231 118.99128 118.364 117.85349 117.49347 117.3205 117.37863 117.72224 118.40817 119.45918 120.77352 121.99909 122.55223 122.00847 120.5244 118.65736 116.88914 115.45004 114.39752 113.71851 113.37996 113.33521 113.50121
115.10331 113.45107 112.39011 111.7509 111.39979 111.23626 111.19067 111.22853 111.34533 111.54883 111.84449 112.23149 112.70464 113.25692 113.88109 114.57102 115.32301 116.13715 117.01794 117.9734 119.01205 120.13867 121.35094 122.64148 124.01439 125.53026 127.35718 129.51082 130.76827 129.60824 127.23399 125.08256 123.43037 122.1614 121.13682 120.25977 119.47569 118.76309 118.12302 117.56961 117.12349 116.80863 116.65197 116.6837 116.93494 117.42653 118.14013 118.96749 119.6665 119.91054 119.48578 118.46897 117.1582 115.85851 114.76296 113.96153 113.49013 113.36386 113.57834 114.06963
113.42629 112.06819 111.15193 110.58747 110.27875 110.14575 110.13133 110.20466 110.35727 110.59216 110.91358 111.3225 111.81663 112.39216 113.04533 113.77382 114.57774 115.46024 116.42734 117.48653 118.64378 119.89909 121.24041 122.63565 124.0237 125.31231 126.40778 127.23052 127.49612 126.81456 125.41956 123.86485 122.45307 121.25103 120.23344 119.35751 118.58934 117.91027 117.31538 116.80964 116.40411 116.11342 115.95411 115.94283 116.0919 116.39938 116.83077 117.29626 117.64317 117.69697 117.35389 116.65311 115.75172 114.83452 114.04799 113.48947 113.22655 113.31633 113.80165 114.65313
111.28327 110.28025 109.56439 109.11466 108.87848 108.8016 108.8413 108.97162 109.18209 109.47175 109.8428 110.29678 110.83373 111.45299 112.15444 112.93962 113.81257 114.78017 115.85175 117.03762 118.34661 119.78198 121.3347 122.97013 124.60114 126.03786 126.93201 126.98855 126.39174 125.41115 124.16796 122.82651 121.54206 120.39163 119.38924 118.52057 117.7658 117.10988 116.5452 116.07081 115.69054 115.41106 115.2399 115.18305 115.24065 115.39997 115.62573 115.85209 115.98648 115.93596 115.65027 115.15207 114.52816 113.89214 113.35135 112.99622 112.90744 113.16607 113.84514 114.94052
108.83693 108.14675 107.63885 107.32842 107.19386 107.20165 107.32082 107.52992 107.81799 108.18181 108.62205 109.14051 109.739 110.41966 111.18579 112.04287 112.99924 114.06647 115.25886 116.59223 118.08183 119.73977 121.57108 123.56228 125.64726 127.6436 128.99358 128.56095 126.87932 125.11558 123.51128 122.05324 120.74241 119.5873 118.58436 117.71934 116.97493 116.33639 115.7937 115.34157 114.97824 114.70405 114.5196 114.42354 114.40929 114.46082 114.54816 114.62577 114.63809 114.53492 114.29199 113.92449 113.48426 113.04425 112.68279 112.47676 112.50355 112.84381 113.56655 114.65817
106.13236 105.68355 105.36684 105.20889 105.20256 105.32516 105.55205 105.86433 106.25109 106.70822 107.23592 107.83646 108.51322 109.27075 110.1155 111.05685 112.10783 113.28551 114.6105 116.10545 117.79246 119.69029 121.81398 124.17157 126.70354 129.08949 130.82166 130.09323 127.58036 125.14052 123.10475 121.4217 120.00886 118.81165 117.79404 116.92848 116.19265 115.5691 115.045 114.61143 114.26228 113.993 113.79917 113.67474 113.60999 113.58909 113.58847 113.57733 113.52211 113.39525 113.18542 112.90403 112.58454 112.27591 112.03507 111.92252 112.0011 112.33228 112.95613 113.83115
103.12112 102.84638 102.70147 102.70953 102.86209 103.13532 103.50375 103.94812 104.4577 105.02891 105.66278 106.36273 107.13367 107.98216 108.91741 109.95251 111.1054 112.39935 113.86232 115.52463 117.41362 119.54524 121.91905 124.53865 127.44189 130.36204 131.35054 129.87398 127.4491 124.83959 122.58929 120.75293 119.25457 118.01783 116.98698 116.12285 115.39731 114.78968 114.28455 113.87008 113.53675 113.27621 113.08037 112.94025 112.84477 112.77963 112.72676 112.66535 112.57488 112.44008 112.25618 112.03227 111.79124 111.56681 111.39959 111.33359 111.41292 111.67433 112.12782 112.71612
99.680323 99.524158 99.544597 99.747752 100.10591 100.57932 101.13309 101.74498 102.40542 103.1138 103.87403 104.69168 105.57312 106.5263 107.56247 108.69794 109.95556 111.36537 112.96393 114.79121 116.8818 119.24531 121.83372 124.53379 127.36556 130.78832 132.4165 129.50557 126.60823 124.01788 121.77648 119.92034 118.40347 117.15959 116.13194 115.2783 114.56847 113.98055 113.49782 113.10647 112.79424 112.54966 112.36164 112.2191 112.11041 112.02289 111.94274 111.85576 111.7493 111.61497 111.45137 111.26587 111.07464 110.90101 110.77301 110.72029 110.7699 110.9386 111.21823 111.554
95.600634 95.520833 95.730367 96.195351 96.840543 97.589228 98.387593 99.210144 100.05303 100.9237 101.83251 102.78844 103.7988 104.87155 106.01854 107.2584 108.61858 110.13628 111.85799 113.83682 116.12399 118.74532 121.64144 124.53856 126.82949 128.25367 128.81829 127.33979 125.02178 122.71066 120.63968 118.87856 117.41535 116.20596 115.20437 114.37358 113.68659 113.12365 112.66888 112.30765 112.02529 111.80712 111.63901 111.50785 111.40157 111.30892 111.21925 111.12293 111.01225 110.88285 110.73514 110.57513 110.41437 110.26887 110.15724 110.09803 110.10576 110.18483 110.32051 110.46934
90.539708 90.514435 90.99922 91.869032 92.947155 94.087412 95.20923 96.291524 97.348745 98.407102 99.489178 100.60839 101.77098 102.98182 104.2507 105.597 107.05225 108.66092 110.47992 112.57721 115.0282 117.90534 121.24323 124.90342 127.99797 128.25235 126.62938 124.97737 123.05625 121.07339 119.24008 117.64134 116.28477 115.14473 114.18912 113.39118 112.73212 112.19858 111.77842 111.45727 111.21762 111.04031 110.90706 110.80213 110.71285 110.62919 110.54316 110.44854 110.34105 110.219 110.08385 109.94061 109.7976 109.6657 109.55682 109.48175 109.44711 109.45121 109.47926 109.49998
83.931704 83.983348 84.961638 86.528264 88.295991 90.001799 91.542865 92.930077 94.225143 95.492902 96.776473 98.092722 99.440957 100.81643 102.22216 103.67605 105.21342 106.8864 108.76166 110.91828 113.44632 116.4451 120.00453 124.05616 127.58402 127.81918 125.29544 122.9587 121.01493 119.25068 117.65485 116.24792 115.02852 113.97914 113.07971 112.31632 111.68329 111.17935 110.80034 110.53311 110.35503 110.23899 110.15981 110.09793 110.04 109.97751 109.90522 109.82002 109.72055 109.60716 109.48218 109.34995 109.21667 109.08969 108.97643 108.88277 108.81092 108.75692 108.70843 108.64398
74.842086 75.097986 77.070209 79.905972 82.791796 85.298556 87.348839 89.055837 90.585752 92.07494 93.595953 95.161259 96.748707 98.330899 99.896345 101.45916 103.05979 104.7604 106.63804 108.77697 111.2607 114.15852 117.47728 120.96974 123.66063 124.05159 122.44956 120.49694 118.78151 117.2788 115.93855 114.74188 113.67517 112.72368 111.8769 111.1353 110.51258 110.02906 109.69637 109.50343 109.41624 109.39162 109.39219 109.39312 109.38109 109.35045 109.2997 109.22935 109.14095 109.03686 108.92031 108.79541 108.66701 108.54022 108.41964 108.30826 108.20613 108.10898 108.00732 107.88668
61.822626 62.648976 66.691043 71.840423 76.479701 80.036092 82.612923 84.569311 86.273517 87.981027 89.796493 91.702049 93.621318 95.480066 97.241191 98.914386 100.55064 102.23001 104.04652 106.09086 108.43036 111.08035 113.94646 116.70576 118.70587 119.31197 118.67409 117.51738 116.31089 115.18129 114.13753 113.16875 112.26141 111.40306 110.58955 109.83571 109.18324 108.69239 108.40824 108.32297 108.37528 108.48801 108.6029 108.68948 108.73763 108.74771 108.72407 108.67192 108.59621 108.50148 108.39204 108.27212 108.14585 108.017 107.88853 107.7619 107.63627 107.50788 107.36971 107.21201
43.22954 45.447982 53.587511 62.638411 69.727555 74.420852 77.330772 79.287521 81.003584 82.915338 85.139761 87.559863 89.976197 92.227021 94.237616 96.018771 97.645685 99.233384 100.91084 102.79146 104.93957 107.3349 109.83544 112.14934 113.88031 114.74226 114.79792 114.36579 113.729 113.02764 112.30864 111.57962 110.83267 110.05501 109.24117 108.41407 107.65202 107.09077 106.85183 106.93397 107.20854 107.52716 107.79979 107.99563 108.11576 108.17226 108.17847 108.14571 108.08289 107.99694 107.89342 107.77691 107.65126 107.51955 107.38386 107.2449 107.10167 106.9511 106.78813 106.60608
19.904811 24.71901 39.440848 53.712141 63.385748 68.79082 71.426126 72.825734 74.236657 76.362644 79.256109 82.534059 85.738628 88.563468 90.894798 92.76549 94.30164 95.6829 97.107153 98.74672 100.69623 102.929 105.28398 107.49808 109.29147 110.49042 111.10509 111.27992 111.17593 110.90239 110.51408 110.02914 109.44262 108.73495 107.88485 106.90279 105.89988 105.14553 104.93853 105.29446 105.92217 106.53501 107.00848 107.33011 107.52686 107.63003 107.66502 107.65036 107.59914 107.52069 107.4218 107.30754 107.18172 107.0471 106.90535 106.75693 106.60094 106.43503 106.25556 106.05787
2.0484439 9.3493889 29.775538 47.771924 58.584352 63.424868 64.587384 64.409071 64.984962 67.466552 71.624683 76.419213 80.89312 84.548803 87.273879 89.173911 90.467371 91.440279 92.414044 93.686137 95.438831 97.66274 100.1578 102.62203 104.77464 106.44874 107.61594 108.3448 108.73496 108.87121 108.80767 108.56797 108.14781 107.51619 106.62142 105.42777 104.04138 102.9181 102.71585 103.49279 104.61901 105.59177 106.27966 106.72179 106.98631 107.12855 107.18676 107.18629 107.14394 107.071 106.97526 106.86223 106.73579 106.59856 106.45207 106.29673 106.1319 105.95585 105.76594 105.55888
5.1849342 11.829341 30.608224 46.969293 55.934934 58.268645 56.180956 52.763575 51.682351 55.031485 61.717834 69.170338 75.595869 80.369399 83.516313 85.302027 86.080994 86.287181 86.445398 87.102441 88.641099 91.090863 94.126402 97.272701 100.13191 102.48659 104.2848 105.57533 106.44435 106.97472 107.22725 107.23413 106.99553 106.47426 105.59173 104.25415 102.51344 100.97363 100.75032 101.97397 103.57314 104.84027 105.68233 106.20319 106.50926 106.67452 106.74611 106.75372 106.71632 106.64634 106.55211 106.43935 106.31197 106.17255 106.02257 105.86253 105.69204 105.50989 105.3142 105.10258
24.729817 28.400386 39.935593 50.329435 54.978247 53.105976 45.815199 36.829543 32.915762 38.329683 49.701443 61.315015 70.349048 76.394974 79.862154 81.260979 81.082114 79.909882 78.573493 78.115808 79.382918 82.476961 86.716891 91.182992 95.215615 98.526856 101.0851 102.97822 104.32605 105.23772 105.79515 106.04775 106.00928 105.6522 104.90168 103.65669 101.94836 100.38319 100.16363 101.4569 103.11844 104.41578 105.26976 105.79549 106.104 106.2708 106.34347 106.35184 106.31489 106.24505 106.1506 106.03718 105.90863 105.76745 105.61512 105.45226 105.27874 105.09377 104.89605 104.68388
44.611505 45.684891 50.734892 55.057934 55.01268 48.579815 35.308082 19.123785 11.421885 20.289374 38.096239 54.51748 66.106993 73.164064 76.635322 77.238658 75.478814 71.971491 67.923306 65.357162 66.239028 70.815797 77.443131 84.201674 90.015371 94.59861 98.051506 100.58576 102.40733 103.68063 104.52383 105.01253 105.1831 105.03349 104.52579 103.61508 102.37781 101.28513 101.12947 102.03503 103.28059 104.31945 105.03779 105.49443 105.76702 105.91449 105.97634 105.97836 105.93751 105.8651 105.76879 105.65387 105.52394 105.3814 105.22775 105.0637 104.88936 104.70432 104.50779 104.29865
