Module03/QGIS2Cookbook_CodeBundle/chapter5/data/idw100m.asc
NCOLS 643
NROWS 595
XLLCORNER 611989
YLLCORNER 198211
CELLSIZE 100
NODATA_VALUE -9999
[rows 286 to 311 of 595, columns 420 to 479 of 643]
76.942572 77.62396 78.265449 78.873106 79.452022 80.006381 80.539543 81.05412 81.552047 82.034646 82.502697 82.956501 83.395969 83.820739 84.23032 84.624296 85.002577 85.365713 85.715243 86.054082 86.386908 86.720532 87.064255 87.430256 87.834084 88.295346 88.838534 89.493589 90.294748 91.27384 92.439936 93.734462 94.968343 95.81596 95.988513 95.494179 94.6343 93.737319 92.985867 92.428138 92.045059 91.796781 91.643203 91.550571 91.492639 91.450194 91.410259 91.365259 91.312164 91.251559 91.186703 91.122624 91.065357 91.021379 90.997246 90.999419 91.034234 91.10794 91.226749 91.396816
77.121833 77.787946 78.419958 79.022733 79.60048 80.156735 80.694367 81.215595 81.722012 82.214604 82.693778 83.159405 83.610879 84.047218 84.467223 84.86969 85.253722 85.619109 85.966799 86.299421 86.621811 86.941532 87.269345 87.619736 88.011653 88.469714 89.026112 89.723146 90.615219 91.765755 93.225841 94.966385 96.742123 97.999202 98.164807 97.24361 95.814768 94.431393 93.332576 92.540193 91.997318 91.63654 91.401222 91.248489 91.147241 91.075585 91.018767 90.967624 90.917398 90.866731 90.816804 90.770568 90.732117 90.706204 90.697894 90.712368 90.754807 90.830344 90.944016 91.100669
77.320189 77.969864 78.591253 79.188192 79.764118 80.321982 80.864205 81.392638 81.908546 82.412577 82.904753 83.384471 83.850532 84.301222 84.734454 85.148011 85.539893 85.908795 86.254711 86.57963 86.888272 87.188762 87.493208 87.818256 88.185879 88.624883 89.173639 89.884436 90.828908 92.100359 93.79686 95.939825 98.260479 99.967507 100.13295 98.759726 96.772813 94.954118 93.567339 92.590048 91.92444 91.477855 91.179906 90.980595 90.845165 90.74975 90.678309 90.620547 90.570482 90.525378 90.48491 90.450486 90.424707 90.410941 90.413008 90.434972 90.480996 90.555242 90.661777 90.804455
77.532053 78.165194 78.775641 79.366431 79.940382 80.499971 81.047249 81.583764 82.110496 82.627789 83.135289 83.6319 84.115773 84.584342 85.034455 85.462617 85.865383 86.239933 86.584829 86.900955 87.192515 87.467956 87.740619 88.029151 88.358018 88.758804 89.273065 89.95737 90.89025 92.177183 93.936765 96.216142 98.745813 100.63785 100.80498 99.250804 97.048757 95.065006 93.565415 92.509394 91.785291 91.292843 90.957961 90.728975 90.570415 90.458058 90.375537 90.312097 90.261084 90.218889 90.184157 90.157189 90.139458 90.133247 90.141364 90.166943 90.213287 90.283755 90.381654 90.51012
77.752581 78.369825 78.969611 79.554418 80.126622 80.688362 81.241427 81.787156 82.326321 82.859023 83.384576 83.901401 84.406952 84.897708 85.369259 85.816546 86.234293 86.617669 86.963233 87.270148 87.541584 87.786019 88.018011 88.258259 88.533356 88.876213 89.328139 89.943032 90.792931 91.970437 93.571694 95.615499 97.8363 99.471137 99.641769 98.346528 96.440903 94.661746 93.272738 92.266555 91.558736 91.065455 90.721838 90.481366 90.311497 90.189657 90.100328 90.03305 89.981058 89.94033 89.908888 89.886272 89.873139 89.870939 89.881682 89.907747 89.951743 90.016395 90.104441 90.21852
77.977751 78.580153 79.169923 79.749214 80.320139 80.884649 81.444401 82.000634 82.554024 83.104524 83.651188 84.191992 84.723675 85.241655 85.74006 86.211947 86.649778 87.046183 87.395081 87.693207 87.942039 88.14974 88.332251 88.512793 88.720232 88.987908 89.354256 89.86524 90.57691 91.553022 92.844376 94.422987 96.054227 97.219286 97.389605 96.553924 95.212559 93.862634 92.738403 91.87992 91.249524 90.794132 90.466882 90.231523 90.061372 89.937222 89.845445 89.776561 89.724186 89.684276 89.654559 89.634104 89.622994 89.622062 89.632696 89.656682 89.696086 89.753155 89.830225 89.929627
78.204345 78.793094 79.37364 79.948006 80.518218 81.086181 81.653558 82.221624 82.79109 83.361887 83.932922 84.501795 85.064528 85.615364 86.146712 86.64935 87.112967 87.527096 87.882443 88.172705 88.397012 88.562827 88.687813 88.798667 88.927294 89.10734 89.373202 89.760909 90.308278 91.049727 91.997495 93.099091 94.178822 94.934168 95.092251 94.636638 93.810255 92.897995 92.074928 91.403233 90.882573 90.489381 90.196142 89.978489 89.816907 89.69648 89.606125 89.53781 89.485894 89.446605 89.417624 89.397771 89.386742 89.384919 89.393212 89.412945 89.44577 89.493591 89.558495 89.642675
78.429863 79.006059 79.578127 80.148128 80.71814 81.290165 81.86601 82.447128 83.034419 83.627958 84.226653 84.827836 85.426826 86.016545 86.587313 87.127016 87.621795 88.057353 88.420783 88.702748 88.90016 89.019792 89.081371 89.115985 89.159366 89.2457 89.405464 89.665639 90.049025 90.569242 91.217772 91.941914 92.624964 93.10167 93.23581 93.010972 92.535197 91.957582 91.39203 90.897096 90.490371 90.16792 89.917435 89.724988 89.577877 89.465526 89.379567 89.313615 89.262963 89.224289 89.195397 89.175002 89.162551 89.158087 89.162147 89.17569 89.200049 89.236899 89.28822 89.356228
78.652407 79.216888 79.781031 80.347051 80.917198 81.493687 82.078596 82.67371 83.280292 83.898752 84.528203 85.165874 85.806429 86.441282 87.058105 87.640842 88.170599 88.627683 88.994778 89.260749 89.423885 89.493721 89.492269 89.452815 89.413083 89.407532 89.463978 89.603205 89.838351 90.171699 90.587678 91.043648 91.465984 91.764235 91.867671 91.762093 91.493544 91.136925 90.760348 90.408217 90.1018 89.846695 89.640072 89.475531 89.345804 89.244052 89.164393 89.102034 89.053233 89.015189 88.98591 88.964091 88.949007 88.940428 88.938575 88.944092 88.958055 88.981993 89.017898 89.068197
78.870564 79.423788 79.980249 80.54239 81.112711 81.693731 82.287912 82.897514 83.524347 84.169396 84.832243 85.510271 86.197635 86.884086 87.553911 88.185489 88.752141 89.224975 89.578328 89.799014 89.898895 89.913109 89.868538 89.780063 89.675183 89.58921 89.551831 89.582603 89.690628 89.873786 90.116382 90.386651 90.638047 90.818791 90.889221 90.83755 90.682353 90.460518 90.210892 89.963534 89.736778 89.539096 89.372375 89.23481 89.122896 89.032626 88.960133 88.901992 88.855334 88.817856 88.787784 88.763817 88.745083 88.731097 88.721769 88.717427 88.718894 88.727586 88.745613 88.775813
79.083287 79.625258 80.173897 80.731901 81.302053 81.887231 82.490364 83.114312 83.761624 84.434122 85.132214 85.853851 86.593043 87.337971 88.068925 88.756798 89.363252 89.843739 90.153493 90.260236 90.197272 90.131667 90.12433 90.060891 89.929457 89.782335 89.664239 89.600925 89.602522 89.666729 89.780256 89.919827 90.054873 90.153581 90.191495 90.158761 90.061683 89.917934 89.748959 89.573775 89.406022 89.253723 89.120433 89.006694 88.911286 88.832117 88.766796 88.712959 88.668442 88.631356 88.600104 88.573371 88.550115 88.529568 88.511273 88.495176 88.481773 88.472332 88.469126 88.475622
79.289792 79.820029 80.360292 80.913498 81.482702 82.071146 82.682266 83.319615 83.98665 84.686315 85.420285 86.187703 86.983209 87.794127 88.59693 89.35378 90.011093 90.503066 90.759538 90.699393 90.271393 90.033482 90.247288 90.303378 90.17596 89.981093 89.792941 89.648466 89.561505 89.531329 89.547339 89.592054 89.644109 89.682205 89.689662 89.658002 89.587902 89.487202 89.367269 89.239526 89.113264 88.994845 88.887876 88.793804 88.712599 88.643325 88.584564 88.534699 88.49208 88.455117 88.422316 88.392295 88.363786 88.335658 88.306985 88.277174 88.246219 88.215067 88.186095 88.16358
79.489458 80.007008 80.537929 81.085275 81.652299 82.24256 82.859986 83.50885 84.193635 84.918665 85.687376 86.500941 87.355931 88.24059 89.129489 89.977085 90.71261 91.243304 91.483339 91.409839 90.916915 90.405506 90.580506 90.61163 90.440034 90.185474 89.929348 89.713029 89.552068 89.446639 89.387895 89.361881 89.352437 89.343935 89.323848 89.284643 89.224346 89.145656 89.05413 88.956234 88.857859 88.763538 88.676236 88.597506 88.527796 88.46677 88.413585 88.367092 88.325972 88.28881 88.254134 88.220422 88.186102 88.149573 88.109267 88.063819 88.01239 87.95524 87.89456 87.835468
79.681737 80.185223 80.705477 81.245539 81.808733 82.398824 83.020138 83.677618 84.376784 85.123502 85.923392 86.780581 87.695314 88.659728 89.651003 90.621482 91.486686 92.114639 92.333742 92.114839 91.97258 91.612329 91.287001 91.044026 90.737063 90.392915 90.063859 89.781988 89.559111 89.393906 89.277713 89.198295 89.142331 89.097308 89.053031 89.002637 88.942901 88.873796 88.797526 88.717399 88.636862 88.558856 88.485519 88.418129 88.357202 88.302637 88.253875 88.21002 88.169928 88.132253 88.095463 88.057825 88.01738 87.971929 87.919064 87.856316 87.781528 87.693619 87.593903 87.487975
79.866055 80.353778 80.861773 81.392855 81.950233 82.537704 83.159823 83.822036 84.530767 85.293377 86.117857 87.011969 87.981327 89.025537 90.131107 91.259627 92.330502 93.198792 93.603697 93.028262 92.308325 92.331389 91.981811 91.517393 91.042304 90.588599 90.183512 89.842727 89.569361 89.357953 89.198472 89.079089 88.987933 88.914268 88.849315 88.786751 88.722821 88.656071 88.586785 88.516304 88.446393 88.378757 88.314749 88.255243 88.200613 88.150779 88.105273 88.063299 88.023772 87.985332 87.946324 87.90475 87.858195 87.803754 87.737976 87.656924 87.5565 87.433314 87.28653 87.121072
80.041712 80.511794 81.005806 81.526072 82.075449 82.657538 83.276874 83.939129 84.651314 85.421951 86.261133 87.180279 88.191172 89.303488 90.519339 91.822179 93.155723 94.390053 95.316909 95.573875 94.412538 93.452002 92.687493 91.962871 91.311217 90.74686 90.272037 89.883189 89.572091 89.327553 89.137246 88.989039 88.871821 88.776001 88.693812 88.619456 88.549076 88.480537 88.413065 88.346814 88.282435 88.220732 88.162409 88.107929 88.057443 88.010779 87.967446 87.92665 87.88729 87.847937 87.80678 87.761531 87.709297 87.646407 87.568235 87.469075 87.342266 87.18096 86.980324 86.742303
80.20777 80.658358 81.136709 81.644351 82.183524 82.757364 83.370089 84.027222 84.735871 85.505075 86.346206 87.273363 88.303566 89.456301 90.751318 92.201808 93.793489 95.408262 96.497861 96.363455 96.07912 94.633624 93.332777 92.308007 91.492434 90.838159 90.313143 89.893592 89.560018 89.295651 89.08596 88.918494 88.782776 88.670192 88.573893 88.488692 88.41092 88.338225 88.269316 88.203667 88.141232 88.082185 88.026734 87.974982 87.926845 87.88201 87.839905 87.799684 87.76019 87.719904 87.676858 87.628494 87.571472 87.501401 87.412488 87.297175 87.145897 86.947453 86.691118 86.372684
80.362955 80.792468 81.253736 81.747166 82.274115 82.83699 83.439374 84.086221 84.784141 85.541823 86.370623 87.285385 88.305498 89.45615 90.769511 92.285186 94.049955 96.136165 98.839207 100.81607 97.796067 95.356782 93.663263 92.44331 91.534087 90.83802 90.295957 89.869235 89.530579 89.259694 89.041004 88.862373 88.714271 88.58921 88.481366 88.386303 88.300767 88.222499 88.150034 88.082507 88.019456 87.960642 87.905907 87.855065 87.807815 87.763694 87.722029 87.6819 87.642081 87.600971 87.556474 87.505828 87.445356 87.370102 87.273336 87.145925 86.97567 86.747076 86.442863 86.050459
80.505575 80.913004 81.356241 81.834287 82.347387 82.896987 83.485759 84.117695 84.798325 85.535075 86.337837 87.219819 88.198796 89.298832 90.552518 92.003705 93.711656 95.754604 98.064088 99.095652 97.324888 95.142883 93.494455 92.296175 91.409935 90.739291 90.221143 89.813434 89.487195 89.221945 89.002944 88.819428 88.663413 88.528876 88.41122 88.306932 88.213349 88.128502 88.050977 87.979785 87.914239 87.853836 87.79816 87.746797 87.699262 87.654952 87.613093 87.572688 87.532455 87.490734 87.445362 87.393473 87.331223 87.253368 87.152679 87.019134 86.838964 86.593912 86.262093 85.824211
80.63352 81.018725 81.44367 81.905745 82.403939 82.93859 83.511261 84.1247 84.78291 85.491337 86.25721 87.090082 88.002588 89.011366 90.137633 91.405519 92.830979 94.371652 95.745536 96.221222 95.429466 94.102407 92.874466 91.896586 91.143253 90.561312 90.104789 89.739209 89.439869 89.189482 88.976121 88.791576 88.630098 88.487522 88.360707 88.2472 88.145047 88.052684 87.96887 87.892615 87.823123 87.759725 87.701818 87.648807 87.600057 87.554839 87.512287 87.47134 87.430678 87.388627 87.343024 87.291025 87.22882 87.151218 87.051057 86.918393 86.739512 86.49614 86.166167 85.729687
80.744367 81.108343 81.515571 81.961793 82.444711 82.96352 83.518605 84.111346 84.744008 85.419704 86.142407 86.916995 87.749256 88.645574 89.611469 90.646485 91.728773 92.776202 93.58591 93.867841 93.527987 92.819782 92.048773 91.365326 90.802705 90.348032 89.977458 89.668727 89.404727 89.173669 88.968024 88.78317 88.61622 88.465203 88.328587 88.205045 88.093358 87.992398 87.901129 87.81861 87.743985 87.676465 87.615303 87.559756 87.509055 87.462362 87.418731 87.377056 87.336001 87.293918 87.248719 87.197699 87.137281 87.062657 86.967286 86.84224 86.67548 86.451474 86.152411 85.764275
80.835644 81.180652 81.571645 82.002869 82.470862 82.973765 83.510853 84.082196 84.688382 85.330258 86.008644 86.723936 87.475469 88.260389 89.071428 89.892352 90.688966 91.395136 91.906258 92.116675 92.006758 91.674638 91.255651 90.842663 90.474495 90.156321 89.879045 89.630862 89.402613 89.189107 88.988341 88.800107 88.624836 88.462924 88.314453 88.179146 88.056433 87.945547 87.845614 87.755716 87.674933 87.602364 87.537125 87.478337 87.425108 87.376501 87.3315 87.288963 87.247567 87.205724 87.16148 87.112362 87.055181 86.985758 86.898567 86.786333 86.639714 86.447477 86.198284 85.886332
80.905227 81.23474 81.611815 82.029576 82.483658 82.971354 83.491026 84.041648 84.622417 85.232343 85.869766 86.531705 87.212912 87.904496 88.591996 89.25298 89.854989 90.356224 90.71326 90.898198 90.916886 90.810248 90.63397 90.434151 90.235512 90.043447 89.853078 89.658406 89.457357 89.252232 89.047705 88.848707 88.659205 88.481849 88.318079 88.168403 88.032664 87.910279 87.800405 87.702063 87.614218 87.535826 87.46585 87.403271 87.347071 87.296217 87.249628 87.206137 87.164445 87.123052 87.080172 87.033626 86.980697 86.917953 86.841053 86.744586 86.622102 86.466707 86.272971 86.041397
80.951805 81.270211 81.636321 82.042675 82.484379 82.958175 83.461787 83.993418 84.551299 85.133231 85.736046 86.354915 86.982415 87.607311 88.213138 88.777185 89.271515 89.668771 89.953518 90.131078 90.222027 90.249793 90.236302 90.198736 90.142772 90.061608 89.944384 89.786655 89.594237 89.379573 89.156013 88.934293 88.721669 88.52244 88.33878 88.171455 88.020331 87.884719 87.763611 87.655833 87.560144 87.475298 87.400077 87.333296 87.273804 87.220465 87.172132 87.12762 87.085657 87.044842 87.003573 86.95998 86.91183 86.856443 86.790618 86.71065 86.612567 86.49285 86.350051 86.187777
80.975271 81.287375 81.645787 82.043084 82.474265 82.935852 83.425249 83.940241 84.478558 85.037444 85.613192 86.200593 86.792266 87.377835 87.942985 88.468636 88.931013 89.304839 89.573735 89.747183 89.863058 89.960788 90.059881 90.159296 90.23833 90.262373 90.202308 90.054008 89.838312 89.585187 89.320016 89.059341 88.812366 88.583597 88.374818 88.186269 88.0173 87.866758 87.733221 87.615153 87.510997 87.419234 87.338413 87.26716 87.204171 87.148198 87.098026 87.052445 87.010214 86.970023 86.93045 86.889915 86.84663 86.798578 86.743517 86.679093 86.603133 86.51429 86.413183 86.304132
80.976901 81.287331 81.641266 82.031887 82.45449 82.905701 83.382904 83.883799 84.406017 84.946775 85.502562 86.068832 86.639738 87.207904 87.76417 88.296899 88.789529 89.214004 89.524693 89.689436 89.767942 89.876779 90.067638 90.319239 90.564859 90.711399 90.6896 90.502737 90.210312 89.875804 89.539668 89.221212 88.927916 88.661889 88.42294 88.209836 88.020826 87.853912 87.707005 87.578033 87.465008 87.366061 87.279463 87.203615 87.137045 87.078381 87.026334 86.979661 86.937144 86.897556 86.85963 86.822033 86.783354 86.742104 86.696769 86.645946 86.588609 86.524582 86.45526 86.38449
