Module03/QGIS2Cookbook_CodeBundle/chapter5/data/idw100m.asc
NCOLS 643
NROWS 595
XLLCORNER 611989
YLLCORNER 198211
CELLSIZE 100
NODATA_VALUE -9999
[rows 52 to 77 of 595, columns 180 to 239 of 643]
91.597382 91.366506 91.120418 90.857631 90.576474 90.275061 89.95127 89.6027 89.226637 88.820013 88.379351 87.900718 87.379669 86.811186 86.189628 85.508687 84.76136 83.939963 83.036208 82.041372 80.946635 79.743635 78.425366 76.987531 75.430495 73.761936 72.000219 70.178255 68.347196 66.578752 64.964278 63.608643 62.617696 62.08047 62.050336 62.531539 63.476688 64.796547 66.3783 68.105589 69.874415 71.602135 73.229902 74.720602 76.054583 77.22489 78.233016 79.085519 79.791567 80.361266 80.804581 81.130694 81.347651 81.462195 81.47971 81.404229 81.238467 80.983846 80.640492 80.207166
91.599873 91.363486 91.11105 90.840941 90.551324 90.24012 89.904973 89.543201 89.151752 88.727147 88.265409 87.761994 87.211707 86.608611 85.945929 85.21595 84.409936 83.518063 82.529403 81.432005 80.213129 78.859743 77.35941 75.701773 73.880885 71.898653 69.769597 67.52689 65.229036 62.965543 60.858632 59.057023 57.718529 56.981806 56.933914 57.585739 58.86668 60.641682 62.742973 65.003326 67.280237 69.46728 71.494707 73.323746 74.938671 76.339183 77.53426 78.537691 79.365097 80.032071 80.553112 80.941071 81.206933 81.359774 81.406835 81.353632 81.204088 80.960645 80.624344 80.194838
91.609613 91.36834 91.110248 90.833583 90.536355 90.216299 89.870833 89.497005 89.091433 88.65023 88.168925 87.64236 87.064579 86.428699 85.726759 84.949562 84.086502 83.125401 82.052366 80.851716 79.506055 77.996584 76.303862 74.409262 72.297525 69.960918 67.405527 64.660073 61.786919 58.893423 56.139284 53.732748 51.907988 50.88111 50.794385 51.671099 53.404514 55.788008 58.570786 61.513068 64.421964 67.164013 69.660804 71.876619 73.804806 75.456277 76.851103 78.012986 78.965894 79.732212 80.331846 80.781899 81.09667 81.28782 81.364608 81.334152 81.201683 80.970768 80.643506 80.220657
91.626964 91.381497 91.118519 90.836158 90.53228 90.204449 89.849871 89.46534 89.047159 88.591058 88.092085 87.544488 86.941567 86.275497 85.53713 84.715757 83.79884 82.771723 81.617325 80.315869 78.844692 77.17827 75.288666 73.146727 70.724587 68.000249 64.965304 61.636872 58.074311 54.399234 50.813262 47.601829 45.10812 43.666845 43.509471 44.681557 47.020308 50.208295 53.87137 57.669222 61.346296 64.741766 67.774482 70.41954 72.686535 74.603267 76.205024 77.528231 78.607061 79.471874 80.148719 80.659394 81.021778 81.250267 81.356229 81.348438 81.233474 81.016086 80.699519 80.285802
91.652245 91.403332 91.13631 90.8492 90.53974 90.205339 89.843016 89.449331 89.020303 88.551308 88.036952 87.470929 86.845836 86.152961 85.382013 84.520814 83.554924 82.467207 81.237338 79.841276 78.25075 76.432871 74.350074 71.960783 69.221453 66.091092 62.539896 58.56418 54.209685 49.603397 44.988077 40.742505 37.358062 35.344254 35.071971 36.624837 39.754991 43.97816 48.743412 53.577841 58.153874 62.288403 65.908236 69.010088 71.628454 73.81415 75.621691 77.102721 78.303085 79.261952 80.011957 80.579807 80.98705 81.250832 81.384616 81.398801 81.301293 81.098009 80.793354 80.390693
91.685715 91.434159 91.163997 90.873161 90.559281 90.219634 89.851075 89.449966 89.012079 88.53248 88.005388 87.424007 86.780311 86.064785 85.266108 84.370754 83.36252 82.221938 80.925588 79.445288 77.747207 75.790971 73.52895 70.906115 67.861198 64.330498 60.256601 55.605463 50.396219 44.746972 38.932782 33.434404 28.929747 26.169248 25.7285 27.75149 31.867768 37.355854 43.427308 49.447425 55.015038 59.936922 64.16265 67.72276 70.685048 73.128509 75.129799 76.757267 78.069105 79.113506 79.929686 80.549152 80.996971 81.292893 81.452331 81.487193 81.406603 81.217552 80.925533 80.535191
91.727577 91.474219 91.201874 90.9084 90.591342 90.247868 89.874708 89.468061 89.023498 88.535835 87.998975 87.405719 86.747526 86.014213 85.193591 84.270997 83.228716 82.045267 80.694515 79.144597 77.356655 75.283408 72.867716 70.041469 66.725545 62.832335 58.273584 52.978287 46.927655 40.214861 33.130705 26.252503 20.467236 16.822947 16.164958 18.722203 23.964151 30.865015 38.349595 45.607457 52.173956 57.86308 62.661949 66.644502 69.916947 72.588654 74.758969 76.512716 77.919878 79.037054 79.909454 80.572884 81.055514 81.379361 81.561523 81.615193 81.550528 81.375429 81.096307 80.718902
91.777961 91.523678 91.250145 90.955169 90.636234 90.290433 89.914401 89.504223 89.055326 88.562341 88.018943 87.417636 86.749499 86.003856 85.167869 84.226019 83.159447 81.945132 80.554843 78.953843 77.099289 74.938348 72.406088 69.423442 65.895924 61.714637 56.76264 50.932389 44.163728 36.514923 28.274718 20.095587 13.061353 8.5281353 7.6378373 10.717954 17.062282 25.317375 34.116767 42.489507 49.927794 56.267579 61.54048 65.865104 69.384365 72.235216 74.53684 76.388029 77.868527 79.041753 79.957701 80.655564 81.16593 81.512568 81.713867 81.783998 81.733899 81.572149 81.305834 80.941495
91.836931 91.582618 91.308916 91.013606 90.694136 90.347556 89.970449 89.558831 89.108048 88.612626 88.066104 87.460815 86.787614 86.035535 85.191353 84.239037 83.159043 81.927413 80.514639 78.884209 76.990805 74.778094 72.176175 69.098879 65.441576 61.080982 55.880179 49.705153 42.463913 34.184327 25.144559 16.040879 8.0953617 2.8981536 1.8274742 5.292535 12.447026 21.680239 31.407449 40.547694 48.572201 55.340508 60.920206 65.463179 69.138407 72.101772 74.48572 76.398193 77.925225 79.134571 80.079238 80.800536 81.330554 81.694151 81.910513 81.994419 81.957286 81.8081 81.554333 81.202969
91.904473 91.651031 91.378191 91.083727 90.765081 90.419294 90.042937 89.632013 89.181847 88.686944 88.140811 87.535741 86.862535 86.110156 85.265285 84.311763 83.229867 81.995402 80.578519 78.942235 77.040562 74.816209 72.197894 69.097447 65.407336 61.000091 55.732871 49.463614 42.090322 33.630686 24.35795 14.979568 6.7585297 1.3578327 0.23151392 3.815828 11.219813 20.751114 30.757464 40.125626 48.322264 55.215407 60.884221 65.490866 69.212167 72.209598 74.619464 76.552338 78.096051 79.31959 80.276823 81.009667 81.550654 81.92497 82.152054 82.246879 82.221017 82.083581 81.842143 81.503764
91.9805 91.728825 91.457869 91.165426 90.848956 90.505527 90.131739 89.723635 89.276587 88.785158 88.242929 87.642287 86.974153 86.227643 85.389642 84.444252 83.372104 82.149474 80.747155 79.129046 77.25038 75.055588 72.475818 69.426369 65.804663 61.49027 56.350172 50.255432 43.120071 34.97753 26.107518 17.197079 9.4404734 4.3812787 3.3510978 6.7437425 13.741693 22.785738 32.334253 41.327753 49.241527 55.930582 61.455627 65.962174 69.614206 72.563961 74.941326 76.852476 78.38224 79.597556 80.550888 81.283191 81.826339 82.205062 82.43849 82.541383 82.525155 82.398778 82.169671 81.844669
92.06485 91.815818 91.547749 91.258474 90.945501 90.605958 90.236517 89.833308 89.391815 88.906739 88.371836 87.779715 87.121582 86.386925 85.56311 84.634878 83.583709 82.38702 81.017161 79.440166 77.614234 75.487947 72.998315 70.068945 66.609042 62.514748 57.675832 51.993224 45.416282 38.011188 30.066777 22.217175 15.498525 11.192193 10.368239 13.331276 19.41949 27.35991 35.856185 43.975083 51.218437 57.4167 62.590979 66.849484 70.326646 73.153066 75.443372 77.293165 78.77999 79.965764 80.899477 81.61967 82.156534 82.533618 82.76922 82.877507 82.869453 82.753676 82.537243 82.226558
92.15729 91.911746 91.647526 91.362522 91.054316 90.720123 90.356727 89.960393 89.526775 89.050783 88.526443 87.946701 87.303199 86.585987 85.783162 84.880428 83.860543 82.702638 81.381377 79.865954 78.118916 76.094873 73.739236 70.987343 67.764719 63.989904 59.582523 54.480972 48.676092 42.267355 35.541332 29.049879 23.62445 20.233459 19.650003 22.081285 27.041635 33.588007 40.721398 47.67675 54.004966 59.517482 64.191456 68.089667 71.3086 73.950012 76.107616 77.86219 79.280877 80.418318 81.318404 82.016092 82.539041 82.909013 83.143035 83.254361 83.253299 83.147943 82.94489 82.650014
92.257518 92.016265 91.756806 91.477114 91.174867 90.847399 90.491636 90.104022 89.680429 89.216044 88.705237 88.141394 87.516717 86.821974 86.046196 85.176308 84.196677 83.088569 81.829514 80.392568 78.745528 76.850164 74.661683 72.128792 69.195088 65.803056 61.902772 57.468419 52.526361 47.197127 41.746848 36.627785 32.465144 29.940709 29.571731 31.485914 35.349552 40.510047 46.246319 51.96826 57.294102 62.032584 66.126606 69.597371 72.503708 74.917153 76.90859 78.542094 79.872782 80.946698 81.801604 82.468081 82.970663 83.328876 83.558146 83.670578 83.675647 83.580815 83.39215 83.114981
92.365174 92.128958 91.875108 91.601693 91.306508 90.987026 90.640346 90.263126 89.851499 89.400979 88.906346 88.3615 87.759298 87.091346 86.347752 85.51684 84.5848 83.535298 82.349035 81.003288 79.471486 77.722932 75.722882 73.433358 70.815311 67.833168 64.463217 60.707708 56.616301 52.314485 48.033151 44.123792 41.033991 39.221215 39.014936 40.488246 43.420038 47.376798 51.860143 56.435539 60.795499 64.76257 68.260802 71.28057 73.84934 76.011589 77.816661 79.312212 80.541146 81.540541 82.341618 82.970204 83.447384 83.790186 84.012228 84.124318 84.13499 84.051018 83.877929 83.620546
92.47984 92.249346 92.001879 91.735617 91.448486 91.138121 90.801817 90.436469 90.038507 89.603808 89.127607 88.604375 88.027686 87.390057 86.682757 85.895603 85.016709 84.03224 82.92615 81.679965 80.272668 78.680808 76.87903 74.841349 72.543667 69.968237 67.110976 63.992495 60.673128 57.270336 53.973231 51.043908 48.792266 47.516603 47.421151 48.545285 50.74449 53.736219 57.184281 60.778539 64.281658 67.540339 70.473789 73.053703 75.284906 77.190415 78.801348 80.150774 81.270316 82.188499 82.930142 83.516315 83.964588 84.289404 84.502493 84.613293 84.629356 84.556745 84.400461 84.164884
92.601054 92.376899 92.136506 91.878172 91.59997 91.299709 90.974897 90.622686 90.239822 89.822574 89.366657 88.867141 88.318352 87.713746 87.045784 86.305789 85.483799 84.56843 83.546775 82.404376 81.12534 79.692709 78.089255 76.298947 74.309443 72.116033 69.727485 67.174015 64.51697 61.8584 59.346575 57.171333 55.54301 54.653453 54.627788 55.485929 57.133241 59.386189 62.020161 64.817717 67.601039 70.244419 72.671663 74.845896 76.757695 78.414738 79.834045 81.036733 82.044758 82.879049 83.558564 84.09991 84.517289 84.822624 85.025783 85.134837 85.156355 85.095703 84.957376 84.74537
92.728316 92.511041 92.278324 92.02859 91.760066 91.470745 91.158356 90.820322 90.453717 90.05521 89.621008 89.146791 88.627633 88.057928 87.431304 86.740542 85.977511 85.133124 84.197354 83.159343 82.007666 80.730844 79.318244 77.761521 76.056839 74.208073 72.231152 70.159408 68.049318 65.985077 64.079418 62.467355 61.290306 60.671227 60.68665 61.345743 62.585811 64.286802 66.298523 68.469632 70.669313 72.798091 74.789193 76.604103 78.22581 79.652074 80.889842 81.951097 82.850017 83.601168 84.218434 84.714451 85.100353 85.385727 85.578681 85.685988 85.713266 85.66521 85.54584 85.358801
92.861098 92.651168 92.426638 92.186067 91.927839 91.650137 91.350916 91.027873 90.678412 90.299601 89.888136 89.440291 88.951871 88.418166 87.833908 87.193239 86.489704 85.716283 84.865479 83.929516 82.900678 81.771875 80.537516 79.194801 77.745547 76.198622 74.572958 72.900909 71.231337 69.631306 68.184826 66.986996 66.132705 65.701018 65.738931 66.249884 67.191627 68.484581 70.027532 71.715098 73.451918 75.161042 76.786618 78.292489 79.658672 80.877225 81.948434 82.877721 83.673349 84.344819 84.901829 85.353636 85.7087 85.974529 86.157637 86.263595 86.297141 86.262332 86.162736 86.001665
92.998854 92.796653 92.580729 92.349774 92.102331 91.836774 91.551283 91.243824 90.912125 90.553644 90.165547 89.744675 89.287521 88.79021 88.248485 87.657718 87.012938 86.308915 85.540293 84.701829 83.788755 82.797322 81.725585 80.574472 79.349194 78.060994 76.729114 75.382753 74.062507 72.820567 71.718799 70.823957 70.199903 69.897855 69.946865 70.347429 71.07051 72.062461 73.25425 74.572073 75.94658 77.319024 78.644043 79.889722 81.035952 82.072047 82.994261 83.803597 84.504041 85.101247 85.601602 86.011603 86.33747 86.584922 86.759077 86.864437 86.904934 86.884031 86.80486 86.670404
93.141026 92.946863 92.739871 92.518878 92.282585 92.029549 91.758171 91.46668 91.153112 90.815297 90.450842 90.057116 89.631246 89.170111 88.670359 88.128435 87.540646 86.903264 86.212681 85.465661 84.659678 83.793412 82.867395 81.884857 80.852759 79.782979 78.693526 77.609576 76.563968 75.596728 74.753149 74.080129 73.620922 73.40902 73.46251 73.780462 74.342506 75.111801 76.040576 77.076668 78.169523 79.274568 80.355627 81.385569 82.345715 83.224545 84.01616 84.718785 85.33348 85.863101 86.31152 86.683067 86.982143 87.212984 87.379522 87.485328 87.533617 87.527304 87.469098 87.361642
93.287056 93.101163 92.903343 92.692556 92.467654 92.227376 91.970331 91.694997 91.399702 91.08262 90.741766 90.374989 89.979985 89.5543 89.095368 88.600554 88.067229 87.492887 86.875306 86.212777 85.504415 84.75057 83.953343 83.117218 82.249788 81.362516 80.471436 79.597614 78.767161 78.010513 77.360772 76.851019 76.510787 76.362201 76.416593 76.672414 77.115078 77.718805 78.450013 79.271421 80.145967 81.039881 81.924611 82.777638 83.582408 84.3277 85.006719 85.616108 86.155039 86.62443 87.02632 87.363393 87.638629 87.855071 88.015672 88.123215 88.180288 88.189305 88.152567 88.072361
93.436393 93.258929 93.070438 92.870003 92.656625 92.42921 92.186569 91.927407 91.650323 91.353808 91.036243 90.695907 90.330994 89.93963 89.519916 89.069981 88.588065 88.072628 87.522508 86.93712 86.316722 85.662745 84.978183 84.268052 83.539869 82.804124 82.074635 81.368689 80.70682 80.112076 79.608682 79.220109 78.966703 78.863234 78.916822 79.125724 79.479292 79.959146 80.541299 81.198777 81.904202 82.631936 83.359565 84.068671 84.745015 85.378277 85.961553 86.490729 86.963857 87.380588 87.74168 88.048619 88.303313 88.507874 88.664476 88.775252 88.842252 88.86744 88.852723 88.800015
93.588497 93.419555 93.240471 93.050448 92.848623 92.634062 92.40576 92.162633 91.903527 91.627214 91.332402 91.017747 90.681872 90.323396 89.940974 89.533357 89.099473 88.638526 88.150138 87.63452 87.092682 86.526693 85.939967 85.337578 84.726566 84.116205 83.518148 82.946402 82.417013 81.947416 81.555401 81.257733 81.068562 80.997842 81.050048 81.223454 81.510144 81.896776 82.365948 82.897893 83.472208 84.069352 84.671755 85.264491 85.835545 86.375764 86.878593 87.339703 87.756573 88.128085 88.454156 88.735438 88.973063 89.168453 89.323175 89.438847 89.517073 89.55942 89.567417 89.542597
93.74285 93.582459 93.41279 93.233157 93.042825 92.841007 92.626864 92.399505 92.157995 91.901358 91.628586 91.338659 91.030565 90.70333 90.356063 89.98801 89.59863 89.187682 88.75535 88.302375 87.830231 87.341307 86.839118 86.32851 85.815847 85.30914 84.818079 84.353918 83.92916 83.55701 83.250592 83.021974 82.881086 82.834696 82.885601 83.032191 83.268483 83.584629 83.967812 84.403363 84.875935 85.370551 85.873431 86.372541 86.857874 87.321501 87.757464 88.161555 88.531048 88.86442 89.161085 89.421153 89.645226 89.834237 89.989316 90.111687 90.202599 90.26328 90.294914 90.298646
93.898955 93.74709 93.586781 93.417446 93.238468 93.049192 92.84893 92.636965 92.412554 92.174938 91.923358 91.657065 91.375352 91.077579 90.763216 90.431894 90.083471 89.718109 89.336373 88.939341 88.52873 88.107036 87.677675 87.24511 86.814955 86.394026 85.990304 85.612789 85.271219 84.97562 84.735732 84.560304 84.456371 84.428569 84.478623 84.605081 84.803351 85.066051 85.383604 85.744993 86.138565 86.55277 86.976778 87.400911 87.816909 88.21802 88.598983 88.955906 89.286106 89.587912 89.860482 90.103613 90.317586 90.503018 90.660748 90.791729 90.89695 90.977371 91.03387 91.067219
