Module03/QGIS2Cookbook_CodeBundle/chapter5/data/idw100m.asc
NCOLS 643
NROWS 595
XLLCORNER 611989
YLLCORNER 198211
CELLSIZE 100
NODATA_VALUE -9999
[rows 0 to 25 of 595, columns 0 to 59 of 643]
96.702104 96.697384 96.692593 96.68773 96.682793 96.677782 96.672696 96.667534 96.662295 96.656978 96.651583 96.646107 96.640551 96.634913 96.629192 96.623388 96.617498 96.611522 96.605459 96.599309 96.593068 96.586737 96.580315 96.5738 96.56719 96.560486 96.553684 96.546786 96.539788 96.532689 96.525489 96.518186 96.510779 96.503265 96.495645 96.487916 96.480077 96.472126 96.464062 96.455883 96.447588 96.439175 96.430643 96.42199 96.413214 96.404313 96.395287 96.386132 96.376848 96.367432 96.357882 96.348198 96.338376 96.328415 96.318313 96.308068 96.297677 96.287139 96.276452 96.265614
96.713152 96.70847 96.703717 96.698891 96.693992 96.689019 96.683971 96.678847 96.673646 96.668368 96.66301 96.657573 96.652055 96.646455 96.640772 96.635006 96.629154 96.623217 96.617192 96.611079 96.604877 96.598584 96.5922 96.585723 96.579151 96.572485 96.565721 96.55886 96.5519 96.544839 96.537677 96.530411 96.523041 96.515565 96.507981 96.500289 96.492486 96.484572 96.476544 96.468402 96.460143 96.451765 96.443269 96.434651 96.42591 96.417044 96.408051 96.398931 96.38968 96.380298 96.370781 96.361129 96.351339 96.34141 96.331339 96.321125 96.310765 96.300257 96.289599 96.278789
96.724247 96.719604 96.714889 96.710102 96.705241 96.700307 96.695298 96.690212 96.68505 96.67981 96.674492 96.669093 96.663614 96.658053 96.652409 96.646682 96.640869 96.634971 96.628985 96.622911 96.616748 96.610494 96.604149 96.59771 96.591178 96.58455 96.577825 96.571003 96.564081 96.557059 96.549935 96.542708 96.535376 96.527938 96.520392 96.512738 96.504973 96.497096 96.489106 96.481001 96.472779 96.464438 96.455978 96.447397 96.438692 96.429862 96.420905 96.41182 96.402604 96.393256 96.383774 96.374156 96.3644 96.354504 96.344466 96.334284 96.323955 96.313479 96.302852 96.292072
96.73539 96.730785 96.72611 96.721361 96.71654 96.711645 96.706675 96.701629 96.696506 96.691306 96.686027 96.680668 96.675229 96.669707 96.664103 96.658415 96.652643 96.646784 96.640838 96.634804 96.62868 96.622466 96.616161 96.609762 96.603269 96.596681 96.589996 96.583213 96.576331 96.569349 96.562264 96.555076 96.547783 96.540385 96.532878 96.525263 96.517537 96.509699 96.501747 96.49368 96.485496 96.477194 96.468772 96.460228 96.45156 96.442768 96.433848 96.424799 96.41562 96.406308 96.396862 96.387279 96.377558 96.367696 96.357692 96.347544 96.337249 96.326805 96.31621 96.305462
96.746579 96.742014 96.737378 96.73267 96.727889 96.723033 96.718103 96.713097 96.708015 96.702855 96.697616 96.692297 96.686898 96.681417 96.675854 96.670206 96.664474 96.658656 96.652751 96.646757 96.640674 96.634501 96.628236 96.621878 96.615426 96.608878 96.602234 96.595492 96.58865 96.581708 96.574664 96.567516 96.560264 96.552905 96.545439 96.537864 96.530178 96.52238 96.514468 96.50644 96.498296 96.490033 96.48165 96.473144 96.464516 96.455761 96.44688 96.437869 96.428727 96.419453 96.410043 96.400497 96.390812 96.380987 96.371019 96.360905 96.350645 96.340236 96.329675 96.31896
96.757815 96.753291 96.748695 96.744027 96.739286 96.734471 96.729582 96.724617 96.719575 96.714456 96.709258 96.703981 96.698623 96.693183 96.687661 96.682054 96.676364 96.670587 96.664723 96.658771 96.65273 96.646598 96.640374 96.634058 96.627647 96.621141 96.614538 96.607838 96.601038 96.594137 96.587134 96.580028 96.572817 96.5655 96.558075 96.550541 96.542896 96.535138 96.527267 96.51928 96.511177 96.502954 96.494611 96.486146 96.477557 96.468842 96.46 96.451029 96.441926 96.43269 96.423319 96.413811 96.404164 96.394376 96.384445 96.374369 96.364145 96.353771 96.343246 96.332566
96.769098 96.764614 96.760059 96.755432 96.750732 96.745959 96.741111 96.736187 96.731187 96.726109 96.720953 96.715718 96.710401 96.705004 96.699523 96.693959 96.688311 96.682576 96.676754 96.670845 96.664846 96.658756 96.652575 96.646301 96.639933 96.633469 96.626909 96.620251 96.613493 96.606635 96.599675 96.592611 96.585442 96.578168 96.570785 96.563293 96.55569 96.547975 96.540145 96.532201 96.524139 96.515958 96.507656 96.499232 96.490685 96.482011 96.473209 96.464279 96.455216 96.44602 96.436689 96.427221 96.417613 96.407864 96.397972 96.387933 96.377747 96.367411 96.356923 96.34628
96.780426 96.775983 96.77147 96.766885 96.762227 96.757496 96.75269 96.747808 96.74285 96.737815 96.732701 96.727508 96.722235 96.71688 96.711442 96.705921 96.700315 96.694623 96.688845 96.682978 96.677023 96.670976 96.664838 96.658608 96.652283 96.645863 96.639346 96.632731 96.626017 96.619202 96.612285 96.605265 96.59814 96.590908 96.583569 96.57612 96.568561 96.560889 96.553103 96.545201 96.537182 96.529044 96.520785 96.512404 96.503898 96.495267 96.486508 96.477618 96.468598 96.459444 96.450154 96.440726 96.431159 96.421451 96.411598 96.4016 96.391453 96.381156 96.370706 96.360102
96.7918 96.7874 96.782928 96.778386 96.77377 96.769082 96.764318 96.75948 96.754565 96.749572 96.744502 96.739352 96.734122 96.72881 96.723416 96.717939 96.712377 96.706729 96.700994 96.695172 96.68926 96.683258 96.677164 96.670978 96.664697 96.658321 96.651849 96.645278 96.638609 96.631838 96.624966 96.61799 96.610909 96.603722 96.596427 96.589023 96.581508 96.57388 96.566138 96.558281 96.550306 96.542212 96.533997 96.52566 96.517198 96.50861 96.499894 96.491048 96.482071 96.472959 96.463712 96.454327 96.444803 96.435136 96.425325 96.415368 96.405262 96.395006 96.384596 96.374032
96.803219 96.798862 96.794433 96.789934 96.785362 96.780716 96.775996 96.771201 96.76633 96.761381 96.756354 96.751249 96.746062 96.740795 96.735445 96.730012 96.724495 96.718892 96.713202 96.707424 96.701557 96.6956 96.689551 96.68341 96.677175 96.670844 96.664417 96.657892 96.651268 96.644543 96.637716 96.630786 96.62375 96.616609 96.60936 96.602001 96.594531 96.586949 96.579252 96.57144 96.563511 96.555462 96.547292 96.539 96.530583 96.52204 96.513369 96.504568 96.495635 96.486568 96.477365 96.468024 96.458543 96.448919 96.439152 96.429237 96.419174 96.40896 96.398593 96.388069
96.814684 96.81037 96.805985 96.801529 96.797 96.792399 96.787723 96.782972 96.778145 96.773241 96.768259 96.763198 96.758057 96.752834 96.74753 96.742142 96.73667 96.731112 96.725468 96.719735 96.713914 96.708003 96.702 96.695905 96.689716 96.683432 96.677051 96.670572 96.663994 96.657316 96.650535 96.643651 96.636663 96.629568 96.622365 96.615053 96.60763 96.600094 96.592445 96.584679 96.576796 96.568794 96.560671 96.552425 96.544054 96.535557 96.526932 96.518177 96.50929 96.500269 96.491111 96.481815 96.47238 96.462801 96.453078 96.443208 96.43319 96.423019 96.412695 96.402215
96.826193 96.821923 96.817582 96.81317 96.808687 96.80413 96.799498 96.794792 96.790011 96.785152 96.780215 96.775199 96.770104 96.764927 96.759668 96.754327 96.748901 96.743389 96.737791 96.732106 96.726331 96.720466 96.714511 96.708462 96.70232 96.696083 96.689749 96.683318 96.676787 96.670156 96.663424 96.656587 96.649646 96.642599 96.635444 96.62818 96.620804 96.613316 96.605714 96.597997 96.590161 96.582207 96.574132 96.565933 96.557611 96.549161 96.540584 96.531876 96.523036 96.514062 96.504951 96.495702 96.486313 96.476781 96.467105 96.457281 96.447308 96.437183 96.426904 96.416469
96.837747 96.833521 96.829225 96.824859 96.82042 96.815908 96.811322 96.806662 96.801926 96.797113 96.792222 96.787253 96.782203 96.777073 96.771861 96.766566 96.761187 96.755723 96.750172 96.744534 96.738807 96.73299 96.727082 96.721081 96.714987 96.708798 96.702512 96.696129 96.689647 96.683065 96.67638 96.669593 96.662701 96.655702 96.648596 96.64138 96.634054 96.626615 96.619062 96.611393 96.603607 96.595701 96.587675 96.579526 96.571252 96.562852 96.554323 96.545664 96.536872 96.527947 96.518885 96.509684 96.500343 96.490859 96.48123 96.471454 96.461529 96.451451 96.44122 96.430831
96.849344 96.845164 96.840914 96.836593 96.832199 96.827734 96.823194 96.81858 96.81389 96.809124 96.80428 96.799358 96.794355 96.789273 96.784108 96.778861 96.773529 96.768113 96.76261 96.75702 96.751341 96.745573 96.739714 96.733762 96.727716 96.721576 96.71534 96.709006 96.702573 96.69604 96.689406 96.682668 96.675825 96.668877 96.66182 96.654655 96.647378 96.63999 96.632487 96.624868 96.617132 96.609277 96.601301 96.593202 96.584978 96.576628 96.568149 96.559541 96.550799 96.541924 96.532912 96.523761 96.514469 96.505035 96.495456 96.485729 96.475853 96.465824 96.455641 96.445301
96.860986 96.856851 96.852647 96.848372 96.844025 96.839606 96.835114 96.830546 96.825904 96.821185 96.816388 96.811514 96.806559 96.801525 96.796408 96.791209 96.785926 96.780559 96.775105 96.769564 96.763934 96.758215 96.752405 96.746503 96.740508 96.734418 96.728231 96.721948 96.715565 96.709083 96.702499 96.695812 96.68902 96.682122 96.675117 96.668002 96.660777 96.65344 96.645988 96.638421 96.630737 96.622933 96.615008 96.606961 96.598789 96.59049 96.582063 96.573506 96.564816 96.555992 96.547031 96.537932 96.528692 96.519309 96.50978 96.500105 96.490279 96.480301 96.470168 96.459878
96.872671 96.868583 96.864425 96.860197 96.855897 96.851525 96.84708 96.842561 96.837966 96.833295 96.828547 96.82372 96.818815 96.813829 96.808762 96.803612 96.798378 96.79306 96.787656 96.782165 96.776586 96.770917 96.765157 96.759306 96.753361 96.747322 96.741186 96.734954 96.728623 96.722192 96.715659 96.709024 96.702284 96.695439 96.688485 96.681423 96.67425 96.666965 96.659567 96.652052 96.64442 96.636669 96.628797 96.620803 96.612684 96.604438 96.596064 96.58756 96.578923 96.570152 96.561244 96.552197 96.54301 96.53368 96.524204 96.514581 96.504807 96.494882 96.484801 96.474563
96.884398 96.880357 96.876247 96.872066 96.867815 96.863491 96.859094 96.854622 96.850076 96.845454 96.840755 96.835978 96.831121 96.826185 96.821167 96.816068 96.810884 96.805616 96.800263 96.794823 96.789294 96.783676 96.777968 96.772168 96.766275 96.760288 96.754205 96.748024 96.741746 96.735367 96.728887 96.722305 96.715618 96.708825 96.701925 96.694917 96.687797 96.680566 96.673221 96.66576 96.658182 96.650485 96.642668 96.634727 96.626662 96.618471 96.610151 96.601701 96.593119 96.584402 96.575549 96.566557 96.557424 96.548148 96.538726 96.529157 96.519438 96.509566 96.499539 96.489355
96.896168 96.892175 96.888113 96.88398 96.879777 96.875502 96.871153 96.866731 96.862234 96.857662 96.853012 96.848285 96.843479 96.838593 96.833626 96.828576 96.823444 96.818228 96.812925 96.807537 96.80206 96.796494 96.790838 96.785091 96.77925 96.773316 96.767285 96.761158 96.754933 96.748608 96.742182 96.735653 96.72902 96.722282 96.715437 96.708482 96.701418 96.694241 96.686951 96.679545 96.672023 96.664381 96.656619 96.648734 96.640725 96.632589 96.624325 96.615931 96.607404 96.598744 96.589946 96.58101 96.571933 96.562713 96.553347 96.543834 96.53417 96.524354 96.514383 96.504254
96.907981 96.904036 96.900022 96.895938 96.891784 96.887558 96.883259 96.878887 96.87444 96.869917 96.865318 96.860641 96.855886 96.851051 96.846135 96.841138 96.836057 96.830893 96.825643 96.820307 96.814883 96.80937 96.803767 96.798073 96.792286 96.786405 96.780428 96.774356 96.768185 96.761914 96.755543 96.749069 96.742491 96.735808 96.729018 96.72212 96.715111 96.70799 96.700756 96.693407 96.685941 96.678356 96.67065 96.662822 96.65487 96.646791 96.638585 96.630248 96.621778 96.613175 96.604435 96.595556 96.586537 96.577374 96.568066 96.55861 96.549004 96.539246 96.529332 96.51926
96.919835 96.915939 96.911974 96.90794 96.903835 96.899659 96.89541 96.891088 96.886692 96.88222 96.877672 96.873047 96.868343 96.86356 96.858697 96.853752 96.848724 96.843612 96.838415 96.833132 96.827761 96.822302 96.816753 96.811113 96.805381 96.799555 96.793633 96.787616 96.7815 96.775285 96.76897 96.762552 96.75603 96.749404 96.74267 96.735829 96.728877 96.721813 96.714637 96.707345 96.699936 96.692409 96.684762 96.676992 96.669098 96.661078 96.65293 96.644651 96.636241 96.627696 96.619015 96.610196 96.601235 96.592132 96.582883 96.573486 96.563939 96.55424 96.544385 96.534373
96.93173 96.927883 96.923969 96.919985 96.91593 96.911804 96.907607 96.903336 96.898991 96.894571 96.890075 96.885501 96.88085 96.87612 96.871309 96.866417 96.861442 96.856384 96.851241 96.846012 96.840696 96.835292 96.829798 96.824213 96.818536 96.812765 96.806899 96.800938 96.794879 96.78872 96.782462 96.776101 96.769637 96.763068 96.756392 96.749608 96.742715 96.735709 96.728591 96.721358 96.714009 96.706541 96.698953 96.691242 96.683408 96.675448 96.667359 96.659141 96.650791 96.642307 96.633686 96.624927 96.616027 96.606985 96.597797 96.588461 96.578975 96.569336 96.559543 96.549591
96.943666 96.93987 96.936005 96.932072 96.928068 96.923994 96.919848 96.915628 96.911335 96.906968 96.902524 96.898004 96.893406 96.888728 96.883971 96.879133 96.874213 96.869209 96.864121 96.858947 96.853686 96.848337 96.842899 96.83737 96.831749 96.826035 96.820226 96.814322 96.80832 96.802219 96.796018 96.789716 96.78331 96.7768 96.770183 96.763458 96.756624 96.749678 96.74262 96.735447 96.728158 96.72075 96.713222 96.705573 96.6978 96.689901 96.681874 96.673717 96.665429 96.657006 96.648448 96.639751 96.630913 96.621933 96.612808 96.603534 96.594111 96.584535 96.574804 96.564915
96.955642 96.951897 96.948083 96.944201 96.940249 96.936227 96.932133 96.927966 96.923726 96.919411 96.915021 96.910554 96.906009 96.901386 96.896684 96.8919 96.887035 96.882086 96.877053 96.871935 96.866731 96.861438 96.856057 96.850585 96.845021 96.839365 96.833614 96.827767 96.821824 96.815782 96.80964 96.803396 96.79705 96.790599 96.784042 96.777378 96.770604 96.763719 96.756722 96.74961 96.742382 96.735036 96.727571 96.719984 96.712273 96.704436 96.696472 96.688379 96.680153 96.671794 96.663299 96.654666 96.645893 96.636976 96.627915 96.618706 96.609347 96.599836 96.590169 96.580345
96.967658 96.963964 96.960202 96.956372 96.952473 96.948503 96.944461 96.940348 96.936161 96.9319 96.927563 96.923151 96.918661 96.914093 96.909445 96.904717 96.899907 96.895015 96.890039 96.884977 96.87983 96.874594 96.86927 96.863856 96.858351 96.852753 96.847061 96.841273 96.835389 96.829407 96.823325 96.817141 96.810856 96.804466 96.79797 96.791367 96.784655 96.777832 96.770897 96.763847 96.756682 96.7494 96.741997 96.734473 96.726826 96.719054 96.711154 96.703125 96.694964 96.68667 96.67824 96.669673 96.660964 96.652114 96.643118 96.633975 96.624682 96.615237 96.605637 96.595879
96.979713 96.976071 96.972362 96.968584 96.964738 96.960821 96.956833 96.952773 96.94864 96.944434 96.940152 96.935794 96.93136 96.926847 96.922256 96.917584 96.912831 96.907995 96.903076 96.898072 96.892982 96.887805 96.882539 96.877184 96.871738 96.866199 96.860567 96.854839 96.849016 96.843094 96.837073 96.830951 96.824727 96.818399 96.811965 96.805424 96.798775 96.792016 96.785144 96.778158 96.771057 96.763839 96.756501 96.749042 96.74146 96.733753 96.725919 96.717956 96.709861 96.701633 96.69327 96.684769 96.676128 96.667345 96.658417 96.649341 96.640117 96.630739 96.621208 96.611518
96.991807 96.988218 96.984562 96.980837 96.977044 96.973181 96.969247 96.965242 96.961164 96.957012 96.952786 96.948484 96.944106 96.939649 96.935114 96.9305 96.925804 96.921026 96.916165 96.911219 96.906188 96.90107 96.895863 96.890568 96.885182 96.879703 96.874132 96.868465 96.862703 96.856843 96.850884 96.844824 96.838662 96.832397 96.826027 96.81955 96.812965 96.80627 96.799463 96.792542 96.785506 96.778353 96.771081 96.763688 96.756173 96.748533 96.740766 96.73287 96.724843 96.716683 96.708388 96.699956 96.691384 96.682669 96.67381 96.664804 96.655649 96.646342 96.63688 96.627261
