Module02/B04550_ QGIS_Blueprints_Code/c6/data/prep/test.asc
ncols        256
nrows        256
xllcorner    -75.816398620605
yllcorner    39.757953643799
dx           0.002436280251
dy           0.003853350878
[rows 209 to 227 of 256, columns 86 to 128 of 256]
27.481832504272461 27.482549667358398 27.483283996582031 27.48402214050293 27.484773635864258 27.485530853271484 27.486295700073242 27.487071990966797 27.48785400390625 27.488636016845703 27.48942756652832 27.490224838256836 27.491022109985352 27.491827011108398 27.492631912231445 27.493438720703125 27.494243621826172 27.495052337646484 27.495866775512695 27.496673583984375 27.497478485107422 27.498289108276367 27.499094009399414 27.49989128112793 27.500694274902344 27.501487731933594 27.502283096313477 27.503067016601562 27.50385856628418 27.504632949829102 27.505409240722656 27.506175994873047 27.506937026977539 27.507699966430664 27.508451461791992 27.509193420410156 27.509933471679687 27.51066780090332 27.511388778686523 27.512111663818359 27.512821197509766 27.513519287109375 27.514219284057617
27.471273422241211 27.472063064575195 27.472871780395508 27.473682403564453 27.474512100219727 27.475351333618164 27.476194381713867 27.477052688598633 27.47791862487793 27.478784561157227 27.47966194152832 27.480546951293945 27.481437683105469 27.482328414916992 27.483217239379883 27.48411750793457 27.485013961791992 27.485916137695313 27.486814498901367 27.487714767456055 27.488616943359375 27.489519119262695 27.490419387817383 27.491310119628906 27.492204666137695 27.493091583251953 27.493980407714844 27.494861602783203 27.495738983154297 27.496610641479492 27.497474670410156 27.49833869934082 27.499191284179688 27.500045776367188 27.500885009765625 27.501720428466797 27.502546310424805 27.50337028503418 27.504182815551758 27.504993438720703 27.505788803100586 27.50657844543457 27.507366180419922
27.460811614990234 27.461671829223633 27.462554931640625 27.463443756103516 27.464345932006836 27.465263366699219 27.466190338134766 27.467124938964844 27.468070983886719 27.469024658203125 27.46998405456543 27.470947265625 27.471927642822266 27.472904205322266 27.473888397216797 27.474874496459961 27.475858688354492 27.476846694946289 27.477842330932617 27.478836059570313 27.479824066162109 27.480817794799805 27.481801986694336 27.4827880859375 27.483774185180664 27.484756469726562 27.48573112487793 27.486709594726562 27.487678527832031 27.488639831542969 27.489599227905273 27.490549087524414 27.491493225097656 27.492439270019531 27.493370056152344 27.494293212890625 27.495212554931641 27.496122360229492 27.49702262878418 27.497919082641602 27.498802185058594 27.499677658081055 27.50054931640625
27.450473785400391 27.451400756835938 27.452354431152344 27.453315734863281 27.454290390014648 27.455287933349609 27.456287384033203 27.457300186157227 27.458332061767578 27.459367752075195 27.460405349731445 27.461458206176758 27.462516784667969 27.463579177856445 27.464645385742188 27.465721130371094 27.466793060302734 27.467870712280273 27.468952178955078 27.470035552978516 27.471113204956055 27.472194671630859 27.473272323608398 27.474348068237305 27.475419998168945 27.476493835449219 27.477560043334961 27.47862434387207 27.479679107666016 27.480735778808594 27.481786727905273 27.482826232910156 27.483860015869141 27.484893798828125 27.485906600952148 27.486927032470703 27.487930297851563 27.488925933837891 27.489913940429688 27.49089241027832 27.491863250732422 27.492824554443359 27.493780136108398
27.440265655517578 27.441263198852539 27.442281723022461 27.443317413330078 27.444364547729492 27.445432662963867 27.446510314941406 27.447597503662109 27.448701858520508 27.44981575012207 27.450937271118164 27.452068328857422 27.453212738037109 27.45435905456543 27.455507278442383 27.4566650390625 27.45782470703125 27.458990097045898 27.460155487060547 27.461322784423828 27.462490081787109 27.463659286499023 27.464828491210937 27.465986251831055 27.46714973449707 27.468311309814453 27.46946907043457 27.470619201660156 27.471765518188477 27.472906112670898 27.474044799804688 27.47517204284668 27.476295471191406 27.477411270141602 27.478517532348633 27.479612350463867 27.480705261230469 27.481790542602539 27.482860565185547 27.483930587768555 27.484981536865234 27.486024856567383 27.487060546875
27.430202484130859 27.431266784667969 27.432350158691406 27.433454513549805 27.4345703125 27.435710906982422 27.436861038208008 27.438028335571289 27.439205169677734 27.440397262573242 27.441598892211914 27.442806243896484 27.444026947021484 27.445255279541016 27.44648551940918 27.447731018066406 27.448968887329102 27.450216293334961 27.451467514038086 27.452718734741211 27.453968048095703 27.455226898193359 27.456480026245117 27.457725524902344 27.458976745605469 27.46021842956543 27.461460113525391 27.462699890136719 27.463932037353516 27.465156555175781 27.46638298034668 27.467597961425781 27.468799591064453 27.470006942749023 27.471195220947266 27.472377777099609 27.473554611206055 27.474723815917969 27.475873947143555 27.477025985717773 27.478157043457031 27.479286193847656 27.480401992797852
27.420289993286133 27.421417236328125 27.422567367553711 27.423736572265625 27.424921035766602 27.426130294799805 27.42735481262207 27.4285888671875 27.429841995239258 27.431110382080078 27.432380676269531 27.43366813659668 27.434968948364258 27.436273574829102 27.437582015991211 27.438909530639648 27.440231323242188 27.441555023193359 27.442888259887695 27.444217681884766 27.445552825927734 27.446897506713867 27.448226928710937 27.449560165405273 27.450895309448242 27.452224731445313 27.453546524047852 27.454874038696289 27.456188201904297 27.457494735717773 27.458803176879883 27.460098266601563 27.461387634277344 27.462675094604492 27.463949203491211 27.465213775634766 27.466474533081055 27.467720031738281 27.468957901000977 27.470188140869141 27.471401214599609 27.472606658935547 27.473804473876953
27.410562515258789 27.411750793457031 27.412960052490234 27.414192199707031 27.415443420410156 27.416719436645508 27.418010711669922 27.419315338134766 27.42064094543457 27.421977996826172 27.42332649230957 27.424686431884766 27.426059722900391 27.427438735961914 27.428825378417969 27.430227279663086 27.431629180908203 27.433032989501953 27.434446334838867 27.435855865478516 27.437273025512695 27.438690185546875 27.440103530883789 27.441518783569336 27.44293212890625 27.444345474243164 27.445751190185547 27.447149276733398 27.448554992675781 27.44993782043457 27.451332092285156 27.452707290649414 27.454080581665039 27.455446243286133 27.45680046081543 27.458145141601562 27.45948600769043 27.460811614990234 27.462125778198242 27.463436126708984 27.464727401733398 27.466011047363281 27.467287063598633
27.401021957397461 27.402263641357422 27.403535842895508 27.404830932617188 27.406143188476563 27.407485961914063 27.408840179443359 27.410213470458984 27.411603927612305 27.413009643554688 27.414426803588867 27.415861129760742 27.417306900024414 27.418760299682617 27.420217514038086 27.42169189453125 27.423166275024414 27.424650192260742 27.426139831542969 27.427627563476562 27.429122924804688 27.430614471435547 27.432111740112305 27.433601379394531 27.435098648071289 27.43658447265625 27.438066482543945 27.439554214477539 27.441028594970703 27.442497253417969 27.443965911865234 27.445419311523437 27.446866989135742 27.448314666748047 27.449747085571289 27.451173782348633 27.452587127685547 27.453994750976563 27.45538330078125 27.456769943237305 27.458137512207031 27.459497451782227 27.460845947265625
27.391674041748047 27.392971038818359 27.394304275512695 27.395654678344727 27.397031784057617 27.398431777954102 27.399848937988281 27.401287078857422 27.402744293212891 27.404214859008789 27.405698776245117 27.407201766967773 27.408716201782227 27.410238265991211 27.411769866943359 27.413314819335938 27.414863586425781 27.416421890258789 27.417978286743164 27.419546127319336 27.421110153198242 27.42268180847168 27.424251556396484 27.425815582275391 27.427387237548828 27.428949356079102 27.430509567260742 27.432073593139648 27.433622360229492 27.43516731262207 27.436712265014648 27.438249588012695 27.439769744873047 27.441287994384766 27.442800521850586 27.444299697875977 27.445791244506836 27.447269439697266 27.448736190795898 27.4501953125 27.451641082763672 27.453071594238281 27.454496383666992
27.382537841796875 27.383888244628906 27.385278701782227 27.386684417724609 27.388116836547852 27.38957405090332 27.391054153442383 27.392551422119141 27.394071578979492 27.395603179931641 27.397153854370117 27.398721694946289 27.400302886962891 27.401889801025391 27.403491973876953 27.40510368347168 27.406719207763672 27.408346176147461 27.409976959228516 27.411615371704102 27.413249969482422 27.414890289306641 27.416532516479492 27.418172836303711 27.419818878173828 27.421453475952148 27.423086166381836 27.424722671508789 27.426345825195312 27.427968978881836 27.429582595825195 27.431190490722656 27.43278694152832 27.434385299682617 27.43596076965332 27.437534332275391 27.43910026550293 27.440647125244141 27.442190170288086 27.443723678588867 27.44523811340332 27.446741104125977 27.448238372802734
27.373620986938477 27.375022888183594 27.376459121704102 27.377923965454102 27.37940788269043 27.380922317504883 27.382455825805664 27.384012222290039 27.385597229003906 27.387186050415039 27.388799667358398 27.390422821044922 27.392070770263672 27.393720626831055 27.395389556884766 27.397066116333008 27.398748397827148 27.400442123413086 27.402143478393555 27.403844833374023 27.405550003051758 27.407258987426758 27.408971786499023 27.410678863525391 27.412393569946289 27.414096832275391 27.415803909301758 27.417505264282227 27.419200897216797 27.420892715454102 27.422578811645508 27.424261093139648 27.425928115844727 27.427591323852539 27.429243087768555 27.430885314941406 27.432518005371094 27.43414306640625 27.435750961303711 27.437353134155273 27.438940048217773 27.440513610839844 27.442071914672852
27.364934921264648 27.366384506225586 27.367868423461914 27.369377136230469 27.370912551879883 27.37248420715332 27.374069213867188 27.375680923461914 27.3773193359375 27.378969192504883 27.380641937255859 27.38232421875 27.384031295776367 27.385744094848633 27.387468338012695 27.389209747314453 27.390956878662109 27.392711639404297 27.394477844238281 27.396244049072266 27.398014068603516 27.399791717529297 27.401567459106445 27.403341293334961 27.405122756958008 27.406896591186523 27.408664703369141 27.410440444946289 27.412200927734375 27.413959503173828 27.415712356567383 27.417459487915039 27.419197082519531 27.420930862426758 27.422651290893555 27.424362182617188 27.426061630249023 27.427751541137695 27.429424285888672 27.431095123291016 27.432748794555664 27.434385299682617 27.436016082763672
27.356475830078125 27.357969284057617 27.359500885009766 27.361055374145508 27.362640380859375 27.364259719848633 27.365896224975586 27.367559432983398 27.369251251220703 27.370950698852539 27.372676849365234 27.374422073364258 27.376180648803711 27.377950668334961 27.379737854003906 27.381538391113281 27.383346557617188 27.385156631469727 27.386985778808594 27.388811111450195 27.390645980834961 27.392486572265625 27.394321441650391 27.396160125732422 27.398006439208984 27.39984130859375 27.401678085327148 27.40351676940918 27.405344009399414 27.407163619995117 27.408987045288086 27.410795211791992 27.412595748901367 27.414396286010742 27.416175842285156 27.417957305908203 27.419721603393555 27.421474456787109 27.423210144042969 27.424945831298828 27.426664352416992 27.428367614746094 27.430061340332031
27.348270416259766 27.34980583190918 27.35137939453125 27.352977752685547 27.354610443115234 27.356271743774414 27.357959747314453 27.35966682434082 27.361404418945313 27.363162994384766 27.364938735961914 27.366733551025391 27.368549346923828 27.370372772216797 27.372213363647461 27.374069213867188 27.375934600830078 27.377801895141602 27.37968635559082 27.381572723388672 27.383462905883789 27.385364532470703 27.387262344360352 27.389158248901367 27.391061782836914 27.392959594726563 27.394857406616211 27.396753311157227 27.398639678955078 27.40052604675293 27.402410507202148 27.404279708862305 27.406148910522461 27.408004760742188 27.40985107421875 27.411685943603516 27.413516998291016 27.41533088684082 27.417135238647461 27.418926239013672 27.420705795288086 27.422470092773438 27.424222946166992
27.340316772460938 27.341890335083008 27.343502044677734 27.345142364501953 27.34681510925293 27.348522186279297 27.350254058837891 27.352010726928711 27.353794097900391 27.355598449707031 27.357419967651367 27.359262466430664 27.361127853393555 27.363004684448242 27.364896774291992 27.366804122924805 27.368719100952148 27.370641708374023 27.372581481933594 27.374523162841797 27.376470565795898 27.378423690795898 27.380378723144531 27.382331848144531 27.384296417236328 27.386247634887695 27.388202667236328 27.390159606933594 27.392105102539062 27.394046783447266 27.395990371704102 27.397916793823242 27.399839401245117 27.401760101318359 27.403665542602539 27.405559539794922 27.407447814941406 27.409318923950195 27.41118049621582 27.413032531738281 27.414871215820313 27.416690826416016 27.418502807617188
27.332622528076172 27.334230422973633 27.335882186889648 27.337562561035156 27.339269638061523 27.341020584106445 27.342788696289063 27.344587326049805 27.346412658691406 27.348258972167969 27.350128173828125 27.352016448974609 27.353925704956055 27.355852127075195 27.3577880859375 27.359750747680664 27.361713409423828 27.363685607910156 27.365678787231445 27.367666244506836 27.369663238525391 27.371669769287109 27.373680114746094 27.37568473815918 27.377704620361328 27.37971305847168 27.381715774536133 27.383729934692383 27.38572883605957 27.387725830078125 27.38972282409668 27.391708374023438 27.393688201904297 27.395662307739258 27.397624969482422 27.399574279785156 27.401517868041992 27.403446197509766 27.405364990234375 27.407272338867187 27.409164428710938 27.411041259765625 27.412908554077148
27.325189590454102 27.32682991027832 27.328516006469727 27.330230712890625 27.331977844238281 27.333759307861328 27.335567474365234 27.337404251098633 27.339271545410156 27.341159820556641 27.343067169189453 27.344997406005859 27.346954345703125 27.348918914794922 27.350900650024414 27.3529052734375 27.354917526245117 27.356937408447266 27.358970642089844 27.361013412475586 27.363058090209961 27.365118026733398 27.367168426513672 27.369228363037109 27.371292114257813 27.373353958129883 27.375410079956055 27.377473831176758 27.379526138305664 27.381570816040039 27.383623123168945 27.385658264160156 27.387691497802734 27.389717102050781 27.391731262207031 27.393735885620117 27.395734786987305 27.397712707519531 27.399681091308594 27.401649475097656 27.403589248657227 27.405521392822266 27.407445907592773
27.318027496337891 27.319698333740234 27.321413040161133 27.323156356811523 27.32493782043457 27.326755523681641 27.328596115112305 27.330469131469727 27.332374572753906 27.334299087524414 27.336244583129883 27.33820915222168 27.340208053588867 27.342214584350586 27.34423828125 27.346282958984375 27.348335266113281 27.350399017333984 27.352479934692383 27.354558944702148 27.356651306152344 27.358755111694336 27.360851287841797 27.362958908081055 27.365072250366211 27.367177963256836 27.369283676147461 27.371393203735352 27.373493194580078 27.375589370727539 27.377687454223633 27.37977409362793 27.381853103637695 27.383930206298828 27.385993957519531 27.38804817199707 27.390094757080078 27.392126083374023 27.394145965576172 27.396158218383789 27.398151397705078 27.400136947631836 27.402105331420898
