Module02/B04550_ QGIS_Blueprints_Code/c6/data/prep/test.asc
ncols        256
nrows        256
xllcorner    -75.816398620605
yllcorner    39.757953643799
dx           0.002436280251
dy           0.003853350878
[rows 171 to 189 of 256, columns 43 to 85 of 256]
27.826789855957031 27.828134536743164 27.829423904418945 27.830656051635742 27.831827163696289 27.832942962646484 27.833992004394531 27.83497428894043 27.835893630981445 27.836750030517578 27.837533950805664 27.838253021240234 27.838895797729492 27.839473724365234 27.839977264404297 27.84040641784668 27.840764999389648 27.841049194335937 27.841259002685547 27.841390609741211 27.841453552246094 27.841438293457031 27.841348648071289 27.841188430786133 27.840951919555664 27.84063720703125 27.840250015258789 27.839790344238281 27.839260101318359 27.838657379150391 27.837984085083008 27.837240219116211 27.836431503295898 27.835544586181641 27.834602355957031 27.833591461181641 27.832511901855469 27.83137321472168 27.830177307128906 27.82891845703125 27.827606201171875 27.826238632202148 27.824808120727539
27.821352005004883 27.822681427001953 27.823953628540039 27.825168609619141 27.826330184936523 27.827428817749023 27.828468322753906 27.829442977905273 27.830350875854492 27.831195831298828 27.831974029541016 27.832681655883789 27.833322525024414 27.833892822265625 27.834386825561523 27.834817886352539 27.835174560546875 27.835453033447266 27.835660934448242 27.835796356201172 27.835857391357422 27.835844039916992 27.835762023925781 27.835601806640625 27.835365295410156 27.835062026977539 27.834684371948242 27.834234237670898 27.833707809448242 27.83311653137207 27.832450866699219 27.831720352172852 27.830917358398438 27.830053329467773 27.829120635986328 27.828125 27.827058792114258 27.825942993164063 27.824762344360352 27.823524475097656 27.822229385375977 27.820886611938477 27.819477081298828
27.815649032592773 27.816961288452148 27.818216323852539 27.819421768188477 27.820560455322266 27.821649551391602 27.822675704956055 27.823637008666992 27.824531555175781 27.825366973876953 27.826135635375977 27.826835632324219 27.827470779418945 27.828031539916992 27.828525543212891 27.828947067260742 27.829301834106445 27.829584121704102 27.829788208007813 27.829923629760742 27.829982757568359 27.829977035522461 27.829896926879883 27.829738616943359 27.829509735107422 27.82921028137207 27.828838348388672 27.828393936157227 27.827882766723633 27.827299118041992 27.826644897460937 27.825929641723633 27.825141906738281 27.82429313659668 27.823371887207031 27.822393417358398 27.821355819702148 27.820253372192383 27.819095611572266 27.817873001098633 27.816604614257813 27.815279006958008 27.813896179199219
27.809684753417969 27.810976028442383 27.812213897705078 27.81340217590332 27.814525604248047 27.815595626831055 27.816606521606445 27.817558288574219 27.818443298339844 27.819267272949219 27.820024490356445 27.820714950561523 27.821342468261719 27.8218994140625 27.822383880615234 27.822803497314453 27.823148727416992 27.823429107666016 27.823637008666992 27.823772430419922 27.823837280273437 27.823831558227539 27.823747634887695 27.823596954345703 27.823373794555664 27.823081970214844 27.822719573974609 27.822284698486328 27.821784973144531 27.82121467590332 27.820573806762695 27.81987190246582 27.819097518920898 27.818260192871094 27.817363739013672 27.816404342651367 27.815380096435547 27.814302444458008 27.813163757324219 27.811967849731445 27.810720443725586 27.809423446655273 27.808065414428711
27.803447723388672 27.804723739624023 27.805944442749023 27.807113647460938 27.808218002319336 27.809270858764648 27.810272216796875 27.811201095581055 27.81207275390625 27.812891006469727 27.813636779785156 27.814313888549805 27.814935684204102 27.815481185913086 27.81596565246582 27.816375732421875 27.81672477722168 27.816995620727539 27.817203521728516 27.817338943481445 27.817403793334961 27.817399978637695 27.817323684692383 27.817180633544922 27.816963195800781 27.816679000854492 27.816324234008789 27.815898895263672 27.815408706665039 27.814853668212891 27.814228057861328 27.81353759765625 27.812784194946289 27.81196403503418 27.811084747314453 27.810146331787109 27.80914306640625 27.808086395263672 27.806976318359375 27.805803298950195 27.804582595825195 27.803310394287109 27.801984786987305
27.796951293945313 27.798202514648438 27.799404144287109 27.800552368164063 27.801641464233398 27.802679061889648 27.803653717041016 27.804571151733398 27.805429458618164 27.806230545043945 27.806964874267578 27.807640075683594 27.808246612548828 27.80879020690918 27.80926513671875 27.809675216674805 27.810014724731445 27.810287475585938 27.810489654541016 27.810625076293945 27.810695648193359 27.810693740844727 27.810623168945312 27.810482025146484 27.810276031494141 27.809993743896484 27.809654235839844 27.809242248535156 27.808765411376953 27.808221817016602 27.807611465454102 27.806938171386719 27.806203842163086 27.805404663085938 27.804542541503906 27.803627014160156 27.802646636962891 27.801616668701172 27.800527572631836 27.799379348754883 27.798189163208008 27.79694938659668 27.795648574829102
27.790187835693359 27.791410446166992 27.792587280273438 27.79371452331543 27.794784545898438 27.795799255371094 27.796762466430664 27.797662734985352 27.798507690429688 27.799293518066406 27.800012588500977 27.800678253173828 27.801273345947266 27.801807403564453 27.802274703979492 27.802680969238281 27.803016662597656 27.80328369140625 27.803495407104492 27.803630828857422 27.803699493408203 27.803699493408203 27.80363655090332 27.803501129150391 27.803298950195313 27.803033828735352 27.802703857421875 27.802301406860352 27.801834106445313 27.801309585571289 27.800714492797852 27.800060272216797 27.799345016479492 27.798566818237305 27.797733306884766 27.796838760375977 27.795881271362305 27.794878005981445 27.793813705444336 27.792699813842773 27.791534423828125 27.790328979492188 27.789058685302734
27.783161163330078 27.784360885620117 27.785512924194336 27.786615371704102 27.787660598754883 27.788656234741211 27.789602279663086 27.790485382080078 27.791313171386719 27.792085647583008 27.792795181274414 27.79344367980957 27.794033050537109 27.794553756713867 27.795015335083008 27.795417785644531 27.795749664306641 27.796016693115234 27.796222686767578 27.796360015869141 27.796432495117188 27.79643440246582 27.796375274658203 27.796245574951172 27.796056747436523 27.795801162719727 27.795476913452148 27.79509162902832 27.794645309448242 27.794132232666016 27.793558120727539 27.792924880981445 27.792226791381836 27.791471481323242 27.790660858154297 27.789789199829102 27.788862228393555 27.787883758544922 27.786857604980469 27.785770416259766 27.784637451171875 27.783458709716797 27.782228469848633
27.775871276855469 27.777042388916016 27.778169631958008 27.779254913330078 27.7802734375 27.78125 27.782173156738281 27.783035278320313 27.783845901489258 27.784603118896484 27.785297393798828 27.785938262939453 27.786518096923828 27.787025451660156 27.787483215332031 27.787876129150391 27.788204193115234 27.788469314575195 27.788673400878906 27.788812637329102 27.788883209228516 27.788898468017578 27.788841247558594 27.788721084594727 27.788536071777344 27.788293838500977 27.787982940673828 27.787612915039063 27.787178039550781 27.786685943603516 27.786127090454102 27.785516738891602 27.784845352172852 27.784116744995117 27.783323287963867 27.782482147216797 27.781589508056641 27.780635833740234 27.779640197753906 27.778585433959961 27.777492523193359 27.776346206665039 27.775150299072266
27.76832389831543 27.769468307495117 27.770565032958984 27.77161979675293 27.772619247436523 27.773571014404297 27.774469375610352 27.775320053100586 27.776111602783203 27.776849746704102 27.777528762817383 27.778154373168945 27.778720855712891 27.779228210449219 27.779670715332031 27.780059814453125 27.780384063720703 27.780645370483398 27.780845642089844 27.780986785888672 27.781061172485352 27.781076431274414 27.781032562255859 27.780920028686523 27.780750274658203 27.780515670776367 27.780220031738281 27.779861450195313 27.779447555541992 27.778968811035156 27.778438568115234 27.777843475341797 27.777198791503906 27.7764892578125 27.775733947753906 27.774921417236328 27.774051666259766 27.773138046264648 27.772167205810547 27.771154403686523 27.770090103149414 27.768985748291016 27.767829895019531
27.760515213012695 27.761629104614258 27.762697219848633 27.763721466064453 27.764699935913086 27.765630722045898 27.766502380371094 27.767332077026367 27.768108367919922 27.768829345703125 27.769491195678711 27.770103454589844 27.770656585693359 27.771152496337891 27.771587371826172 27.771965026855469 27.772287368774414 27.772548675537109 27.77275276184082 27.772893905639648 27.772974014282227 27.772991180419922 27.772951126098633 27.772850036621094 27.772689819335938 27.772464752197266 27.772188186645508 27.771848678588867 27.771448135375977 27.770990371704102 27.770481109619141 27.769914627075195 27.769292831420898 27.768611907958984 27.767881393432617 27.767099380493164 27.766262054443359 27.765380859375 27.764450073242188 27.763473510742187 27.762447357177734 27.761379241943359 27.760269165039062
27.752456665039063 27.753536224365234 27.754573822021484 27.755569458007813 27.75651741027832 27.757421493530273 27.758275985717773 27.759077072143555 27.759834289550781 27.760536193847656 27.761184692382812 27.761783599853516 27.762323379516602 27.762809753417969 27.763238906860352 27.76361083984375 27.76392936706543 27.764186859130859 27.764387130737305 27.764528274536133 27.764610290527344 27.764636993408203 27.764602661132813 27.764511108398438 27.76435661315918 27.764156341552734 27.763887405395508 27.76356315612793 27.763189315795898 27.762754440307617 27.762264251708984 27.761724472045898 27.761125564575195 27.760475158691406 27.759773254394531 27.759025573730469 27.758224487304687 27.757377624511719 27.75648307800293 27.755544662475586 27.754560470581055 27.753536224365234 27.752470016479492
27.744140625 27.745189666748047 27.746198654174805 27.747163772583008 27.748085021972656 27.748958587646484 27.749790191650391 27.750568389892578 27.751298904418945 27.751989364624023 27.752618789672852 27.753196716308594 27.753725051879883 27.754201889038086 27.754619598388672 27.754987716674805 27.75529670715332 27.75555419921875 27.755754470825195 27.755897521972656 27.755985260009766 27.756013870239258 27.755989074707031 27.755908966064453 27.755771636962891 27.755575180053711 27.755331039428711 27.755023956298828 27.754667282104492 27.754257202148438 27.753789901733398 27.753274917602539 27.752706527709961 27.752084732055664 27.751419067382813 27.750699996948242 27.749937057495117 27.74913215637207 27.748275756835938 27.74737548828125 27.746435165405273 27.745456695556641 27.74443244934082
27.735576629638672 27.73658561706543 27.737560272216797 27.738496780395508 27.739383697509766 27.740230560302734 27.741035461425781 27.741792678833008 27.742500305175781 27.743167877197266 27.743782043457031 27.744348526000977 27.744857788085938 27.745323181152344 27.745733261108398 27.746091842651367 27.746397018432617 27.746652603149414 27.746850967407227 27.746997833251953 27.747089385986328 27.747123718261719 27.747108459472656 27.747041702270508 27.746915817260742 27.746736526489258 27.746501922607422 27.746217727661133 27.745882034301758 27.74549674987793 27.74505615234375 27.744569778442383 27.744029998779297 27.743446350097656 27.742805480957031 27.742130279541016 27.741403579711914 27.740633010864258 27.739818572998047 27.738962173461914 27.738071441650391 27.73713493347168 27.73615837097168
27.726779937744141 27.727754592895508 27.728691101074219 27.729591369628906 27.730449676513672 27.731269836425781 27.73204231262207 27.73277473449707 27.73345947265625 27.734102249145508 27.734699249267578 27.735246658325195 27.735750198364258 27.736198425292969 27.736600875854492 27.73695182800293 27.737253189086914 27.737506866455078 27.737701416015625 27.737852096557617 27.737945556640625 27.737993240356445 27.737979888916016 27.737918853759766 27.737810134887695 27.737653732299805 27.737434387207031 27.737176895141602 27.736858367919922 27.736499786376953 27.736083984375 27.735626220703125 27.735118865966797 27.734569549560547 27.733968734741211 27.733325958251953 27.732637405395508 27.731910705566406 27.73114013671875 27.730331420898437 27.729482650756836 27.728597640991211 27.727670669555664
27.717744827270508 27.718683242797852 27.719583511352539 27.72044563293457 27.721273422241211 27.722061157226563 27.722808837890625 27.723512649536133 27.724180221557617 27.724800109863281 27.725376129150391 27.725902557373047 27.726388931274414 27.726833343505859 27.727222442626953 27.727563858032227 27.727859497070313 27.728107452392578 27.728305816650391 27.728456497192383 27.728557586669922 27.728607177734375 27.728607177734375 27.728557586669922 27.728466033935547 27.72831916809082 27.728124618530273 27.727884292602539 27.727592468261719 27.727258682250977 27.726875305175781 27.726444244384766 27.725975036621094 27.725452423095703 27.724891662597656 27.724288940429688 27.723642349243164 27.72296142578125 27.722234725952148 27.721469879150391 27.720668792724609 27.719839096069336 27.718963623046875
27.70848274230957 27.709377288818359 27.710241317749023 27.711071014404297 27.711862564086914 27.712615966796875 27.713340759277344 27.714015960693359 27.714651107788086 27.715250015258789 27.71580696105957 27.71632194519043 27.716789245605469 27.717218399047852 27.717596054077148 27.717933654785156 27.718221664428711 27.718467712402344 27.718669891357422 27.718822479248047 27.718923568725586 27.71898078918457 27.718997955322266 27.718957901000977 27.718877792358398 27.718753814697266 27.718576431274414 27.718357086181641 27.71809196472168 27.717782974243164 27.717428207397461 27.717031478881836 27.716592788696289 27.716110229492188 27.715587615966797 27.715028762817383 27.714422225952148 27.713785171508789 27.713109970092773 27.712392807006836 27.711647033691406 27.710861206054688 27.710048675537109
27.698999404907227 27.699855804443359 27.700679779052734 27.701471328735352 27.702228546142578 27.702951431274414 27.703639984130859 27.704288482666016 27.704898834228516 27.705474853515625 27.706008911132812 27.706504821777344 27.706958770751953 27.707366943359375 27.707740783691406 27.70806884765625 27.708353042602539 27.708595275878906 27.708791732788086 27.708948135375977 27.70905876159668 27.709123611450195 27.709144592285156 27.709121704101563 27.709056854248047 27.708948135375977 27.708797454833984 27.708599090576172 27.708362579345703 27.708078384399414 27.707756042480469 27.7073974609375 27.706991195678711 27.706550598144531 27.706066131591797 27.705547332763672 27.704988479614258 27.704395294189453 27.703769683837891 27.703104019165039 27.702407836914063 27.701681137084961 27.700922012329102
27.689310073852539 27.690120697021484 27.690896987915039 27.691658020019531 27.692375183105469 27.693061828613281 27.693719863891602 27.694337844848633 27.694923400878906 27.695474624633789 27.695987701416016 27.696460723876953 27.696901321411133 27.697298049926758 27.697656631469727 27.697978973388672 27.698259353637695 27.698492050170898 27.698690414428711 27.698850631713867 27.698965072631836 27.699041366577148 27.699075698852539 27.699062347412109 27.699016571044922 27.698928833007813 27.698793411254883 27.698625564575195 27.698413848876953 27.698162078857422 27.697868347167969 27.697538375854492 27.697174072265625 27.696771621704102 27.696329116821289 27.695856094360352 27.695343017578125 27.694799423217773 27.694223403930664 27.693613052368164 27.692968368530273 27.692296981811523 27.691595077514648
