Module02/B04550_ QGIS_Blueprints_Code/c6/data/prep/test.asc
ncols        256
nrows        256
xllcorner    -75.816398620605
yllcorner    39.757953643799
dx           0.002436280251
dy           0.003853350878
[rows 0 to 18 of 256, columns 172 to 214 of 256]
27.650753021240234 27.648422241210938 27.645917892456055 27.643257141113281 27.640419006347656 27.637388229370117 27.634176254272461 27.630762100219727 27.627141952514648 27.623317718505859 27.619270324707031 27.614986419677734 27.610483169555664 27.605733871459961 27.600730895996094 27.595487594604492 27.589982986450195 27.584196090698242 27.578149795532227 27.57183837890625 27.565221786499023 27.558347702026367 27.551185607910156 27.543710708618164 27.535970687866211 27.52794075012207 27.519596099853516 27.510988235473633 27.502098083496094 27.492900848388672 27.48345947265625 27.473751068115234 27.463754653930664 27.45353889465332 27.443090438842773 27.432384490966797 27.421501159667969 27.410434722900391 27.399147033691406 27.387752532958984 27.376211166381836 27.364534378051758 27.35279655456543
27.659133911132812 27.656944274902344 27.654581069946289 27.652053833007813 27.649347305297852 27.646450042724609 27.643363952636719 27.64007568359375 27.636568069458008 27.632856369018555 27.62891960144043 27.624734878540039 27.620325088500977 27.615663528442383 27.610736846923828 27.605562210083008 27.600118637084961 27.594381332397461 27.588382720947266 27.58209228515625 27.575489044189453 27.568613052368164 27.561433792114258 27.553928375244141 27.546148300170898 27.538057327270508 27.529634475708008 27.520931243896484 27.511928558349609 27.502603530883789 27.493011474609375 27.483133316040039 27.472953796386719 27.462530136108398 27.451858520507812 27.440906524658203 27.429763793945313 27.41840934753418 27.406833648681641 27.395122528076172 27.383262634277344 27.371234893798828 27.35914421081543
27.667730331420898 27.665685653686523 27.663469314575195 27.661087036132812 27.658527374267578 27.655771255493164 27.652824401855469 27.649677276611328 27.646299362182617 27.642715454101563 27.638898849487305 27.634834289550781 27.630533218383789 27.625974655151367 27.62114143371582 27.616052627563477 27.610685348510742 27.605012893676758 27.599067687988281 27.59282112121582 27.586254119873047 27.57939338684082 27.57221794128418 27.564702987670898 27.556890487670898 27.548757553100586 27.540273666381836 27.531494140625 27.522396087646484 27.512950897216797 27.503227233886719 27.493196487426758 27.482837677001953 27.472227096557617 27.461336135864258 27.450157165527344 27.438760757446289 27.427143096923828 27.41526985168457 27.403257369995117 27.391071319580078 27.378707885742187 27.366273880004883
27.676507949829102 27.674625396728516 27.672573089599609 27.670351028442383 27.667945861816406 27.665342330932617 27.66254997253418 27.659543991088867 27.656318664550781 27.652873992919922 27.649194717407227 27.645261764526367 27.641084671020508 27.636642456054688 27.631923675537109 27.626935958862305 27.621662139892578 27.616071701049805 27.610200881958008 27.60401725769043 27.597499847412109 27.590675354003906 27.583522796630859 27.576015472412109 27.568191528320313 27.560033798217773 27.551507949829102 27.542673110961914 27.53349494934082 27.523950576782227 27.514106750488281 27.503942489624023 27.493423461914063 27.482633590698242 27.471546173095703 27.460145950317383 27.448513031005859 27.436635971069336 27.42448616027832 27.412176132202148 27.399682998657227 27.386989593505859 27.37420654296875
27.685464859008789 27.683755874633789 27.681875228881836 27.679819107055664 27.677587509155273 27.675148010253906 27.672519683837891 27.669681549072266 27.666610717773438 27.663324356079102 27.659797668457031 27.656009674072266 27.651971817016602 27.647672653198242 27.643072128295898 27.638210296630859 27.63304328918457 27.627559661865234 27.621776580810547 27.615676879882813 27.609222412109375 27.602458953857422 27.595348358154297 27.587865829467773 27.580053329467773 27.571889877319336 27.563346862792969 27.554470062255859 27.545228958129883 27.535608291625977 27.525667190551758 27.515378952026367 27.504720687866211 27.4937744140625 27.482500076293945 27.47089958190918 27.459043502807617 27.446918487548828 27.43450927734375 27.421911239624023 27.409114837646484 27.39610481262207 27.382986068725586
27.694568634033203 27.693037033081055 27.69133186340332 27.689464569091797 27.687406539916992 27.685150146484375 27.682701110839844 27.680032730102539 27.677139282226563 27.674016952514648 27.670656204223633 27.667028427124023 27.663150787353516 27.659000396728516 27.654546737670898 27.649822235107422 27.644786834716797 27.639419555664063 27.633750915527344 27.627750396728516 27.62138557434082 27.614694595336914 27.607645034790039 27.600214004516602 27.592432022094727 27.584285736083984 27.575736999511719 27.566839218139648 27.557567596435547 27.547889709472656 27.537868499755859 27.527482986450195 27.516708374023437 27.505613327026367 27.494182586669922 27.482389450073242 27.470333099365234 27.457983016967773 27.445322036743164 27.432455062866211 27.41937255859375 27.406057357788086 27.392614364624023
27.703786849975586 27.702445983886719 27.700935363769531 27.699253082275391 27.697389602661133 27.695322036743164 27.693061828613281 27.690580368041992 27.687871932983398 27.684938430786133 27.681756973266602 27.678306579589844 27.674598693847656 27.670612335205078 27.666326522827148 27.661750793457031 27.656862258911133 27.651641845703125 27.646095275878906 27.640214920043945 27.63395881652832 27.627365112304688 27.620395660400391 27.613035202026367 27.605314254760742 27.597202301025391 27.588674545288086 27.579778671264648 27.570489883422852 27.560781478881836 27.550708770751953 27.540239334106445 27.52937126159668 27.518157958984375 27.506587982177734 27.494632720947266 27.482387542724609 27.469831466674805 27.456941604614258 27.443830490112305 27.430469512939453 27.416866302490234 27.403114318847656
27.713108062744141 27.711965560913086 27.710653305053711 27.709171295166016 27.70750617980957 27.705638885498047 27.703578948974609 27.701297760009766 27.698785781860352 27.696046829223633 27.693059921264648 27.689798355102539 27.686277389526367 27.682477951049805 27.678367614746094 27.673959732055664 27.669242858886719 27.664173126220703 27.658782958984375 27.653032302856445 27.646913528442383 27.640432357788086 27.633575439453125 27.626298904418945 27.618658065795898 27.610603332519531 27.60212516784668 27.593257904052734 27.583974838256836 27.574254989624023 27.564153671264648 27.553634643554688 27.542688369750977 27.531377792358398 27.519691467285156 27.507602691650391 27.495193481445313 27.482454299926758 27.469356536865234 27.456014633178711 27.442407608032227 27.428533554077148 27.414493560791016
27.722490310668945 27.721549987792969 27.720451354980469 27.71917724609375 27.717720031738281 27.716066360473633 27.714214324951172 27.71214485168457 27.709840774536133 27.707311630249023 27.704530715942383 27.701475143432617 27.698152542114258 27.694545745849609 27.690633773803711 27.686416625976562 27.681875228881836 27.676980972290039 27.671758651733398 27.666175842285156 27.660196304321289 27.65385627746582 27.647125244140625 27.639963150024414 27.632419586181641 27.624458312988281 27.616039276123047 27.60722541809082 27.597976684570313 27.588268280029297 27.578161239624023 27.567621231079102 27.556625366210937 27.545249938964844 27.533472061157227 27.521265029907227 27.508718490600586 27.495819091796875 27.482538223266602 27.468992233276367 27.455169677734375 27.441038131713867 27.426740646362305
27.731910705566406 27.731184005737305 27.73029899597168 27.729236602783203 27.727998733520508 27.726560592651367 27.724929809570313 27.72308349609375 27.720998764038086 27.718683242797852 27.716119766235352 27.713281631469727 27.710178375244141 27.706779479980469 27.703073501586914 27.699066162109375 27.694719314575195 27.690017700195313 27.684982299804687 27.679573059082031 27.673765182495117 27.667581558227539 27.661001205444336 27.653972625732422 27.646549224853516 27.638690948486328 27.630369186401367 27.621631622314453 27.612445831298828 27.602775573730469 27.592689514160156 27.582149505615234 27.571138381958008 27.559722900390625 27.547880172729492 27.53558349609375 27.522932052612305 27.509899139404297 27.496465682983398 27.482744216918945 27.468717575073242 27.454368591308594 27.439830780029297
27.7413330078125 27.740821838378906 27.740152359008789 27.739316940307617 27.738304138183594 27.737092971801758 27.735679626464844 27.734060287475586 27.732210159301758 27.730121612548828 27.727785110473633 27.725175857543945 27.722297668457031 27.719127655029297 27.715641021728516 27.711843490600586 27.707712173461914 27.703224182128906 27.698385238647461 27.69317626953125 27.687555313110352 27.681549072265625 27.675130844116211 27.668266296386719 27.660984039306641 27.653263092041016 27.645057678222656 27.636417388916016 27.627311706542969 27.617715835571289 27.607675552368164 27.59716796875 27.586166381835938 27.574733734130859 27.562856674194336 27.550504684448242 27.537775039672852 27.524637222290039 27.511085510253906 27.497213363647461 27.483020782470703 27.468482971191406 27.453723907470703
27.750724792480469 27.750436782836914 27.749988555908203 27.749378204345703 27.748592376708984 27.747621536254883 27.74644660949707 27.745054244995117 27.743442535400391 27.741594314575195 27.739492416381836 27.737117767333984 27.734476089477539 27.731544494628906 27.728282928466797 27.724723815917969 27.720813751220703 27.716550827026367 27.711925506591797 27.706924438476562 27.701509475708008 27.695701599121094 27.689474105834961 27.68278694152832 27.675668716430664 27.668102264404297 27.6600341796875 27.651525497436523 27.642534255981445 27.633028030395508 27.62306022644043 27.612613677978516 27.601642608642578 27.590232849121094 27.578351974487305 27.565977096557617 27.553194046020508 27.539989471435547 27.526340484619141 27.512355804443359 27.498020172119141 27.483327865600586 27.46839714050293
27.760032653808594 27.759973526000977 27.759750366210937 27.759372711181641 27.758817672729492 27.758077621459961 27.757135391235352 27.755987167358398 27.754619598388672 27.753009796142578 27.751153945922852 27.749027252197266 27.746623992919922 27.743934631347656 27.740924835205078 27.737602233886719 27.733938217163086 27.729900360107422 27.725507736206055 27.720737457275391 27.715534210205078 27.709943771362305 27.703912734985352 27.697423934936523 27.690494537353516 27.683099746704102 27.675197601318359 27.666837692260742 27.657978057861328 27.648591995239258 27.638731002807617 27.62837028503418 27.617467880249023 27.606098175048828 27.594245910644531 27.581878662109375 27.569076538085938 27.555841445922852 27.542135238647461 27.528068542480469 27.513633728027344 27.498807907104492 27.483730316162109
27.769229888916016 27.769388198852539 27.769399642944336 27.769248962402344 27.768932342529297 27.768426895141602 27.767726898193359 27.766826629638672 27.765695571899414 27.764339447021484 27.762727737426758 27.760852813720703 27.758705139160156 27.756263732910156 27.753501892089844 27.750423431396484 27.747007369995117 27.743219375610352 27.739070892333984 27.734527587890625 27.72956657409668 27.724199295043945 27.718395233154297 27.712112426757812 27.705389022827148 27.698184967041016 27.690469741821289 27.682281494140625 27.673578262329102 27.664337158203125 27.654600143432617 27.644350051879883 27.633546829223633 27.622255325317383 27.610462188720703 27.598129272460938 27.585351943969727 27.572109222412109 27.558372497558594 27.544267654418945 27.529762268066406 27.514854431152344 27.499666213989258
27.778276443481445 27.778657913208008 27.778896331787109 27.778976440429688 27.778890609741211 27.778623580932617 27.778167724609375 27.777505874633789 27.776628494262695 27.775514602661133 27.774158477783203 27.772537231445313 27.770639419555664 27.768457412719727 27.765951156616211 27.763126373291016 27.75996208190918 27.756429672241211 27.752531051635742 27.748233795166016 27.743518829345703 27.73838996887207 27.732816696166992 27.726764678955078 27.720264434814453 27.71327018737793 27.705755233764648 27.69775390625 27.689237594604492 27.680152893066406 27.670576095581055 27.660463333129883 27.649776458740234 27.638601303100586 27.626890182495117 27.614629745483398 27.601903915405273 27.588689804077148 27.574968338012695 27.560848236083984 27.546316146850586 27.531354904174805 27.51609992980957
27.78712272644043 27.787727355957031 27.788192749023438 27.788501739501953 27.788644790649414 27.788619995117188 27.788402557373047 27.787981033325195 27.787349700927734 27.786483764648438 27.785381317138672 27.784011840820313 27.782371520996094 27.780441284179687 27.778194427490234 27.775632858276367 27.772726058959961 27.769447326660156 27.765806198120117 27.761768341064453 27.757305145263672 27.752420425415039 27.747091293334961 27.741281509399414 27.735008239746094 27.728244781494141 27.720947265625 27.713155746459961 27.704832077026367 27.695945739746094 27.68653678894043 27.67658805847168 27.666051864624023 27.655004501342773 27.643413543701172 27.631256103515625 27.618614196777344 27.605463027954102 27.591785430908203 27.577693939208984 27.563169479370117 27.548200607299805 27.532913208007812
27.795742034912109 27.796564102172852 27.797246932983398 27.79777717590332 27.798152923583984 27.798357009887695 27.798376083374023 27.798198699951172 27.797809600830078 27.797191619873047 27.796335220336914 27.795217514038086 27.793828964233398 27.792156219482422 27.79017448425293 27.787858963012695 27.785219192504883 27.782201766967773 27.778818130493164 27.77503776550293 27.770832061767578 27.766202926635742 27.76112174987793 27.755565643310547 27.749532699584961 27.743007659912109 27.735940933227539 27.728368759155273 27.720264434814453 27.711582183837891 27.702373504638672 27.692604064941406 27.682241439819336 27.671350479125977 27.659906387329102 27.647876739501953 27.635347366333008 27.622299194335938 27.60870361328125 27.594676971435547 27.580194473266602 27.565254211425781 27.549980163574219
27.804086685180664 27.805112838745117 27.806013107299805 27.806760787963867 27.807361602783203 27.807790756225586 27.808040618896484 27.808095932006836 27.807943344116211 27.807567596435547 27.806955337524414 27.806083679199219 27.804948806762695 27.803529739379883 27.801797866821289 27.799747467041016 27.797357559204102 27.79460334777832 27.791482925415039 27.7879638671875 27.784013748168945 27.779644012451172 27.774818420410156 27.769508361816406 27.76373291015625 27.757450103759766 27.750625610351563 27.743291854858398 27.735414505004883 27.726949691772461 27.71795654296875 27.708391189575195 27.698221206665039 27.68751335144043 27.676239013671875 27.664365768432617 27.651981353759766 27.639062881469727 27.625583648681641 27.611652374267578 27.597257614135742 27.582386016845703 27.56715202331543
27.812112808227539 27.813343048095703 27.814449310302734 27.815410614013672 27.81622314453125 27.816873550415039 27.817346572875977 27.817626953125 27.817703247070313 27.817564010620117 27.81718635559082 27.816560745239258 27.815668106079102 27.814493179321289 27.813011169433594 27.811212539672852 27.80908203125 27.806583404541016 27.8037109375 27.800451278686523 27.796760559082031 27.792652130126953 27.788082122802734 27.783027648925781 27.777502059936523 27.77147102355957 27.764898300170898 27.757808685302734 27.750165939331055 27.741939544677734 27.73316764831543 27.723821640014648 27.713865280151367 27.703359603881836 27.692277908325195 27.680587768554688 27.668373107910156 27.655612945556641 27.642280578613281 27.628486633300781 27.614208221435547 27.599437713623047 27.584297180175781
