Module02/B04550_ QGIS_Blueprints_Code/c6/data/prep/test.asc
ncols        256
nrows        256
xllcorner    -75.816398620605
yllcorner    39.757953643799
dx           0.002436280251
dy           0.003853350878
[rows 152 to 170 of 256, columns 43 to 85 of 256]
27.883323669433594 27.884716033935547 27.886051177978516 27.887331008911133 27.888545989990234 27.889690399169922 27.890785217285156 27.891803741455078 27.892751693725586 27.893638610839844 27.894449234008789 27.89518928527832 27.89586067199707 27.896459579467773 27.896980285644531 27.897422790527344 27.897794723510742 27.898090362548828 27.898305892944336 27.898448944091797 27.898515701293945 27.898500442504883 27.898414611816406 27.898239135742188 27.897993087768555 27.897668838500977 27.89726448059082 27.896783828735352 27.896230697631836 27.895595550537109 27.894891738891602 27.894111633300781 27.893255233764648 27.892330169677734 27.891330718994141 27.890262603759766 27.889125823974609 27.887918472290039 27.886648178100586 27.885305404663086 27.883905410766602 27.882444381713867 27.88092041015625
27.882364273071289 27.883768081665039 27.885107040405273 27.886396408081055 27.887615203857422 27.888774871826172 27.889869689941406 27.890893936157227 27.891843795776367 27.892738342285156 27.893550872802734 27.894298553466797 27.89497184753418 27.895572662353516 27.896091461181641 27.89654541015625 27.896915435791016 27.897212982177734 27.897430419921875 27.897575378417969 27.897634506225586 27.897623062133789 27.897531509399414 27.897357940673828 27.897106170654297 27.896783828735352 27.89637565612793 27.895898818969727 27.895339965820313 27.894702911376953 27.893991470336914 27.893205642700195 27.892351150512695 27.891416549682617 27.890413284301758 27.889341354370117 27.888191223144531 27.886980056762695 27.885707855224609 27.884357452392578 27.88294792175293 27.881479263305664 27.879953384399414
27.881202697753906 27.882614135742188 27.883962631225586 27.885255813598633 27.886482238769531 27.887643814086914 27.888742446899414 27.8897705078125 27.890729904174805 27.891624450683594 27.892446517944336 27.893194198608398 27.893871307373047 27.89447021484375 27.894998550415039 27.895450592041016 27.895828247070313 27.896121978759766 27.896345138549805 27.896482467651367 27.89654541015625 27.896533966064453 27.896438598632813 27.896266937255859 27.896015167236328 27.895689010620117 27.895282745361328 27.894792556762695 27.894231796264648 27.893594741821289 27.892875671386719 27.892087936401367 27.89122200012207 27.890291213989258 27.889280319213867 27.888204574584961 27.887052536010742 27.885837554931641 27.884555816650391 27.883201599121094 27.881792068481445 27.880317687988281 27.878780364990234
27.879844665527344 27.881256103515625 27.882610321044922 27.8839111328125 27.885139465332031 27.88630485534668 27.887407302856445 27.88844108581543 27.889408111572266 27.890300750732422 27.891128540039063 27.891880035400391 27.892559051513672 27.893161773681641 27.893692016601562 27.894142150878906 27.894519805908203 27.894813537597656 27.895034790039063 27.895175933837891 27.895242691040039 27.895227432250977 27.895132064819336 27.89495849609375 27.894708633422852 27.894376754760742 27.893962860107422 27.893478393554688 27.892910003662109 27.892269134521484 27.891551971435547 27.890762329101563 27.889892578125 27.888952255249023 27.887941360473633 27.886861801147461 27.885704040527344 27.884483337402344 27.883199691772461 27.881839752197266 27.880420684814453 27.878946304321289 27.877399444580078
27.878267288208008 27.879684448242188 27.881046295166016 27.882350921630859 27.883583068847656 27.884750366210938 27.885858535766602 27.886894226074219 27.887859344482422 27.888765335083008 27.889589309692383 27.890346527099609 27.891025543212891 27.891628265380859 27.892160415649414 27.892614364624023 27.892988204956055 27.893287658691406 27.893508911132812 27.893651962280273 27.893718719482422 27.893695831298828 27.893604278564453 27.893424987792969 27.893173217773438 27.892839431762695 27.892431259155273 27.891941070556641 27.891372680664063 27.890731811523437 27.890008926391602 27.889211654663086 27.888345718383789 27.88740348815918 27.886381149291992 27.885297775268555 27.88414192199707 27.882919311523437 27.881626129150391 27.880264282226563 27.87884521484375 27.877361297607422 27.875814437866211
27.876480102539062 27.877902984619141 27.879268646240234 27.88056755065918 27.881807327270508 27.882980346679688 27.884090423583984 27.885128021240234 27.886100769042969 27.887002944946289 27.887832641601562 27.888587951660156 27.889266967773438 27.889877319335937 27.890405654907227 27.890859603881836 27.891237258911133 27.891536712646484 27.891759872436523 27.891899108886719 27.891962051391602 27.891944885253906 27.891847610473633 27.891670227050781 27.891420364379883 27.891082763671875 27.890668869018555 27.890176773071289 27.889608383178711 27.888965606689453 27.888240814208984 27.887441635131836 27.886571884155273 27.885625839233398 27.884607315063477 27.883516311645508 27.882358551025391 27.881132125854492 27.879838943481445 27.87847900390625 27.877052307128906 27.875572204589844 27.874019622802734
27.874475479125977 27.875898361206055 27.877264022827148 27.878574371337891 27.879812240600586 27.880987167358398 27.882099151611328 27.883136749267578 27.884109497070312 27.885011672973633 27.885845184326172 27.886598587036133 27.887285232543945 27.88789176940918 27.888425827026367 27.888879776000977 27.889251708984375 27.889551162719727 27.889774322509766 27.889913558959961 27.889976501464844 27.889963150024414 27.889862060546875 27.889686584472656 27.889429092407227 27.889093399047852 27.888681411743164 27.88818359375 27.887619018554688 27.886974334716797 27.886247634887695 27.88545036315918 27.884574890136719 27.883625030517578 27.882608413696289 27.88151741027832 27.880353927612305 27.879127502441406 27.877828598022461 27.876466751098633 27.875045776367187 27.873559951782227 27.87200927734375
27.872243881225586 27.873672485351563 27.875034332275391 27.876346588134766 27.877584457397461 27.878763198852539 27.879877090454102 27.880922317504883 27.881891250610352 27.882795333862305 27.883626937866211 27.884382247924805 27.885065078735352 27.885673522949219 27.886205673217773 27.886661529541016 27.887035369873047 27.887334823608398 27.887556076049805 27.887697219848633 27.887758255004883 27.887741088867188 27.887645721435547 27.887470245361328 27.887210845947266 27.886873245239258 27.88646125793457 27.885963439941406 27.885395050048828 27.884744644165039 27.884017944335937 27.883220672607422 27.882345199584961 27.881399154663086 27.880376815795898 27.879287719726562 27.878118515014648 27.876893997192383 27.875598907470703 27.874237060546875 27.872812271118164 27.871328353881836 27.869771957397461
27.869787216186523 27.871213912963867 27.872581481933594 27.873893737792969 27.87513542175293 27.876312255859375 27.877420425415039 27.878467559814453 27.879440307617188 27.880342483520508 27.881172180175781 27.881929397583008 27.882612228393555 27.883220672607422 27.883754730224609 27.884206771850586 27.884580612182617 27.884880065917969 27.885103225708008 27.885242462158203 27.88530158996582 27.885286331176758 27.885185241699219 27.885009765625 27.88475227355957 27.884414672851563 27.883996963500977 27.883499145507813 27.882932662963867 27.882282257080078 27.881559371948242 27.880760192871094 27.8798828125 27.878934860229492 27.877914428710937 27.876827239990234 27.875663757324219 27.874433517456055 27.873140335083008 27.871780395507813 27.870355606079102 27.868869781494141 27.867317199707031
27.867103576660156 27.868526458740234 27.869892120361328 27.871204376220703 27.872444152832031 27.873619079589844 27.874732971191406 27.875774383544922 27.876741409301758 27.877653121948242 27.878480911254883 27.879232406616211 27.879920959472656 27.880527496337891 27.88105583190918 27.881513595581055 27.881887435913086 27.882181167602539 27.882400512695313 27.882545471191406 27.882606506347656 27.882585525512695 27.882484436035156 27.88231086730957 27.882051467895508 27.881715774536133 27.881298065185547 27.880804061889648 27.88023567199707 27.879585266113281 27.87885856628418 27.878063201904297 27.877185821533203 27.876239776611328 27.875217437744141 27.874128341674805 27.872968673706055 27.871740341186523 27.870450973510742 27.869085311889648 27.867666244506836 27.866188049316406 27.864641189575195
27.864179611206055 27.865602493286133 27.866968154907227 27.868274688720703 27.869512557983398 27.870687484741211 27.871795654296875 27.872835159301758 27.873805999755859 27.874710083007812 27.87553596496582 27.876291275024414 27.876972198486328 27.877578735351562 27.87811279296875 27.878564834594727 27.878940582275391 27.879238128662109 27.879453659057617 27.879594802856445 27.879655838012695 27.879634857177734 27.879537582397461 27.879360198974609 27.879098892211914 27.878765106201172 27.878347396850586 27.877853393554688 27.877281188964844 27.876638412475586 27.875911712646484 27.875114440917969 27.874242782592773 27.873294830322266 27.872282028198242 27.871194839477539 27.870035171508789 27.868810653686523 27.867521286010742 27.86616325378418 27.86474609375 27.863269805908203 27.861728668212891
27.86102294921875 27.862438201904297 27.863801956176758 27.865106582641602 27.866342544555664 27.867513656616211 27.868619918823242 27.869657516479492 27.870628356933594 27.871524810791016 27.872354507446289 27.873106002807617 27.873785018920898 27.874391555786133 27.874917984008789 27.875371932983398 27.875747680664063 27.876039505004883 27.876262664794922 27.876399993896484 27.876459121704102 27.876436233520508 27.8763427734375 27.876161575317383 27.87590217590332 27.875566482543945 27.875156402587891 27.874662399291992 27.874092102050781 27.873447418212891 27.872722625732422 27.871929168701172 27.871055603027344 27.8701171875 27.869100570678711 27.868019104003906 27.866863250732422 27.865644454956055 27.864360809326172 27.863008499145508 27.861593246459961 27.860124588012695 27.858585357666016
27.85761833190918 27.859041213989258 27.860391616821289 27.861692428588867 27.862922668457031 27.864091873168945 27.865196228027344 27.866228103637695 27.867193222045898 27.868095397949219 27.868915557861328 27.869667053222656 27.870344161987305 27.870944976806641 27.871469497680664 27.871927261352539 27.872293472290039 27.872591018676758 27.872812271118164 27.872947692871094 27.873004913330078 27.872991561889648 27.872890472412109 27.872714996337891 27.872455596923828 27.87211799621582 27.871706008911133 27.8712158203125 27.870651245117188 27.870006561279297 27.869285583496094 27.868497848510742 27.867626190185547 27.86668586730957 27.865678787231445 27.864599227905273 27.863449096679688 27.862237930297852 27.860958099365234 27.859607696533203 27.858205795288086 27.856739044189453 27.855207443237305
27.853977203369141 27.855384826660156 27.856733322143555 27.858026504516602 27.859260559082031 27.860416412353516 27.861520767211914 27.862546920776367 27.863510131835937 27.864402770996094 27.865224838256836 27.865970611572266 27.866647720336914 27.867246627807617 27.867769241333008 27.868219375610352 27.868589401245117 27.868885040283203 27.869102478027344 27.869239807128906 27.869297027587891 27.869279861450195 27.869180679321289 27.869007110595703 27.868747711181641 27.868413925170898 27.868005752563477 27.867515563964844 27.866950988769531 27.866312026977539 27.865594863891602 27.864805221557617 27.863945007324219 27.863010406494141 27.862005233764648 27.860933303833008 27.859785079956055 27.858583450317383 27.857307434082031 27.855968475341797 27.854572296142578 27.853116989135742 27.851598739624023
27.850082397460938 27.851482391357422 27.852828979492187 27.854114532470703 27.855337142944336 27.85649299621582 27.857589721679688 27.858610153198242 27.85957145690918 27.860456466674805 27.861274719238281 27.862018585205078 27.862689971923828 27.863286972045898 27.863805770874023 27.864255905151367 27.864622116088867 27.864917755126953 27.865135192871094 27.865272521972656 27.865325927734375 27.865306854248047 27.865209579467773 27.865036010742187 27.864784240722656 27.864450454711914 27.864044189453125 27.863559722900391 27.862998962402344 27.862360000610352 27.861648559570312 27.860866546630859 27.860008239746094 27.859075546264648 27.858081817626953 27.857021331787109 27.855880737304687 27.854679107666016 27.853414535522461 27.852085113525391 27.850698471069336 27.849250793457031 27.847743988037109
27.845941543579102 27.847330093383789 27.848667144775391 27.849945068359375 27.851156234741211 27.852310180664062 27.8533935546875 27.854415893554688 27.855367660522461 27.85624885559082 27.857061386108398 27.857797622680664 27.858470916748047 27.859062194824219 27.859579086303711 27.860025405883789 27.860393524169922 27.860685348510742 27.860897064208984 27.861032485961914 27.861095428466797 27.861076354980469 27.860979080200195 27.860805511474609 27.860559463500977 27.860225677490234 27.859821319580078 27.859336853027344 27.858779907226563 27.858148574829102 27.857444763183594 27.856670379638672 27.855817794799805 27.854894638061523 27.853906631469727 27.852848052978516 27.851718902587891 27.850532531738281 27.849273681640625 27.847957611083984 27.846576690673828 27.845146179199219 27.843648910522461
27.84153938293457 27.842922210693359 27.844247817993164 27.84552001953125 27.846723556518555 27.847867965698242 27.848947525024414 27.849952697753906 27.850900650024414 27.851778030395508 27.852582931518555 27.853321075439453 27.853982925415039 27.854574203491211 27.855087280273438 27.855531692504883 27.855894088745117 27.856185913085938 27.856395721435547 27.856533050537109 27.856594085693359 27.856576919555664 27.856481552124023 27.856306076049805 27.856061935424805 27.855731964111328 27.85533332824707 27.854852676391602 27.854299545288086 27.853675842285156 27.852975845336914 27.852205276489258 27.851367950439453 27.85045051574707 27.849466323852539 27.848421096801758 27.847305297851563 27.846126556396484 27.844884872436523 27.843572616577148 27.842212677001953 27.840793609619141 27.839311599731445
27.836879730224609 27.838251113891602 27.839565277099609 27.840824127197266 27.842020034790039 27.843156814575195 27.84422492980957 27.84522819519043 27.846164703369141 27.847036361694336 27.847835540771484 27.848566055297852 27.849224090576172 27.84980583190918 27.850315093994141 27.85075569152832 27.851119995117188 27.851409912109375 27.851621627807617 27.851755142211914 27.851816177368164 27.851799011230469 27.851709365844727 27.851535797119141 27.851291656494141 27.850971221923828 27.850570678710938 27.850099563598633 27.849554061889648 27.848934173583984 27.848239898681641 27.847478866577148 27.846645355224609 27.845743179321289 27.844768524169922 27.843732833862305 27.842628479003906 27.841461181640625 27.840236663818359 27.838939666748047 27.837593078613281 27.836185455322266 27.834722518920898
27.831966400146484 27.833322525024414 27.834627151489258 27.835874557495117 27.837059020996094 27.83818244934082 27.839241027832031 27.840238571166992 27.841165542602539 27.84202766418457 27.842819213867188 27.843542098999023 27.844198226928711 27.844776153564453 27.845285415649414 27.845720291137695 27.846078872680664 27.846364974975586 27.846576690673828 27.846712112426758 27.846773147583008 27.846757888793945 27.84666633605957 27.846500396728516 27.846260070800781 27.845939636230469 27.845550537109375 27.845081329345703 27.844541549682617 27.843931198120117 27.84324836730957 27.842493057250977 27.841667175292969 27.840774536132812 27.839815139770508 27.83879280090332 27.837697982788086 27.8365478515625 27.835332870483398 27.834054946899414 27.832727432250977 27.831335067749023 27.829889297485352
